10
  50.36493   81.61338   79.96592
30
 -29161.07   37534.71  -66738.36
  78227.58  -43293.71  -29478.82
  14936.30   6964.826   7684.818
 -4516.069   25748.41  -27016.06
  27115.20   43415.93  -71607.81
  67754.62   22505.44  -40752.88
  27482.94   4852.581  -1282.119
  5343.647   53928.78  -19934.32
  18301.59  -11946.25   5380.309
 -46620.18   7944.116  -24933.65
  51997.70   2504.566   33511.21
  6314.966  -92051.79  -12460.01
 -43098.18   47659.16   27967.77
 -10293.83  -4800.033  -5296.238
  17710.30   31429.35   71663.53
 -12075.93   84709.16  -20292.35
  28187.90  -13595.71   23895.38
 -43744.33   57143.22  -38469.92
 -10582.69  -54723.90  -62430.88
 -44708.31   11277.46  -16683.04
 -74710.15  -910.2755   52042.95
 -23338.97   49904.22  -26241.02
 -41126.76  -53494.14   16880.80
 -51066.34  -69452.52   46383.27
 -51935.54   59500.05   46484.35
 -59009.91  -7708.189   63871.52
 -63861.62  -67306.33  -21640.29
  10486.51   15870.11  -9475.346
  37440.01  -79991.92   6155.436
  15378.83   75447.23   49512.30
  63.45226   94.31115   83.40746
30
  21799.35   25406.15   46099.72
 -17780.95   36007.72   61476.50
  15322.77   18623.65   33278.01
  25870.04  -54118.43   40083.87
 -36589.95  -34210.35  -53660.70
  30196.19   2135.057   94198.85
 -43947.61   9212.154   43809.86
 -77266.55  -5697.611   18489.48
  88774.76  -9806.672  -32697.05
 -30980.40   19676.56   66582.01
 -53168.44   35060.10  -3406.534
 -3609.223  -38969.85   42375.03
 -17186.05   39157.56   34752.51
  27500.50  -30546.25  -63012.43
  4923.527   11567.10   29534.54
 -34290.79   48039.60  -59497.89
  84098.69   36914.36   30595.44
 -48498.36   6481.706  -82388.80
 -47852.71   75401.31   37187.76
  11188.78   26286.39   67117.64
 -42202.20   55098.30  -42281.79
 -75695.60   37120.00  -23210.38
  9598.802  -40501.77   80905.51
  15224.67  -67381.20  -45172.55
  72842.88  -1518.715  -7260.302
  69718.64  -803.7162  -41747.55
 -63851.84   36798.85   45464.55
 -72116.17   20601.14  -1514.141
 -55551.28  -294.6086  -75672.50
 -72279.96  -27883.57  -35003.56
  30.52851   53.24504   83.76243
30
 -47863.12   29901.86   10452.82
 -36831.53  -13185.09  -53747.01
  23665.67   28509.97   3699.272
 -78351.91   29412.03  -27253.06
 -42303.75  -33689.11  -81688.51
 -14519.92   86812.03   16697.35
 -46860.83   31717.58   52303.21
  25107.93   3539.401  -58372.85
  11500.61  -14745.36   65921.82
 -21101.20  -51083.47  -34762.51
 -57765.59  -5215.983   72963.21
 -39607.73   31392.56   61757.24
 -8448.421   56117.50   38376.87
 -11476.46  -76101.57   17909.41
  15711.24   5973.864   18990.04
 -27589.02  -39103.77   77666.92
 -4678.386  -65969.91   21923.88
  5144.274   23761.29   19220.01
 -3649.676  -54846.92   65288.53
 -41792.43  -28532.83   75579.88
 -31118.66   62918.75   31797.38
  25167.63   67153.53  -38330.32
 -55742.33  -60335.49   22465.91
  43848.47  -59869.60  -19742.71
  2626.238   4422.175   8660.389
 -22827.50   6562.629  -68986.19
 -23543.00  -38879.48   47434.06
 -1679.766  -2828.464  -5539.265
  39530.07  -37572.30   29148.63
  1168.584   1714.038   3486.304
  76.04665   62.57999   80.30778
30
  62526.81   16519.91  -10640.84
 -85062.77   28125.11   19436.50
  27526.64   51812.85   55029.21
  23767.88   40020.17   13552.65
 -47638.25   31042.55   71439.53
 -63703.99  -31697.38   33434.63
  75726.09   30630.33  -37316.74
  691.5048   65725.67   35095.68
  41172.13   73711.02   9469.939
 -1117.505   10503.17   87738.01
  59869.21   62764.92   18880.55
 -35056.62   74787.01   17813.51
  1102.385  -1686.967  -1789.921
  58923.05  -47395.64   20854.88
 -5881.271  -66542.47   59038.98
 -17485.98   22373.75   19360.42
  29091.18   7703.592  -70261.28
  3626.504   66455.30   3006.806
 -77392.94  -2035.962   2067.736
  27503.74  -9565.947  -71132.40
 -17367.05  -50542.90  -18628.04
 -660.0086  -1226.536  -2588.403
 -86.91530  -161.5203  -340.8619
 -55424.05  -55986.39   26022.58
  84617.84   47540.11  -7422.121
 -33252.87   7341.150  -56116.62
 -4485.264   89874.10  -6759.514
 -8383.811   55988.74   53236.23
  12144.75   10878.74   24408.89
 -61732.67  -4403.416  -27951.00
  50.31749   65.14458   60.98741
30
  45833.66  -54897.93  -47118.46
  61812.26  -62125.09   18203.90
  35944.77   28997.77  -11320.90
  35275.48   19248.83  -88139.67
  12162.18   12710.76  -51423.36
 -10393.29  -2453.404   58987.21
 -41380.76   76364.41  -26767.62
  79806.37   49478.02  -4834.035
  73062.67   24614.25   43689.53
 -66500.36  -59345.20   25199.80
 -75926.13  -7622.813   29679.32
 -85802.72  -21229.53  -713.0936
 -12670.33  -41323.16  -51135.07
  32325.96   39917.47  -34442.30
  77790.82   29313.02  -31671.82
  39702.86   36347.96   80756.59
 -37374.65   50445.24  -40372.94
  994.0765   1602.458   3039.844
 -51119.11  -72693.13   17805.90
 -48557.58   17384.84  -66166.33
  16900.12  -4724.337   63046.69
  85128.30   5299.206   16433.58
 -692.2566  -1115.922  -2116.892
  4521.206  -19783.13  -38527.76
  4559.518  -1625.245   1648.228
 -46149.33   40596.61  -33388.17
 -57038.11   51789.84  -48329.29
  70411.75   20132.38  -35668.79
  33558.44   5360.671   69530.42
  2873.560   77884.58   22259.90
  99.07341   30.94455   73.86454
30
 -59995.18  -42410.27   31497.08
  61530.26  -22512.96   49405.97
 -1350.307  -257.4203  -10.78317
 -41381.47   41610.84   63965.21
  1480.428  -6499.319  -84264.08
  42228.70   22225.99  -81346.89
 -4805.719   51404.90   55445.50
 -44975.67  -52083.71   61886.61
 -31660.37   38454.20  -8688.468
 -13107.26   30774.92  -35168.15
 -24376.17  -72536.17   31943.55
 -57769.54   33631.44   5771.192
 -20119.88  -57629.22  -9460.564
 -67899.65  -38312.28  -13235.07
 -78016.99  -22378.37   19219.03
  27654.20   40027.85   7874.801
 -18658.31   64420.69   15520.12
 -25134.67  -23598.85  -80421.38
 -196.1618  -1.564165  -1.564215
  42843.44   27013.74   3224.486
  24906.70   479.7732   15746.74
  47015.20  -63131.75   33308.08
 -79473.79  -4040.527  -45889.96
 -1077.500  -8.591823  -8.592097
 -41038.66   12189.27   28875.06
  74608.08  -53376.95   34764.41
  25845.99   66444.42   62536.78
  23492.92   52700.01   54831.59
 -65390.12  -64138.47  -28014.79
 -11380.08  -24233.65   29474.94
  92.53297   25.11934   75.14745
30
  24533.70  -85187.16  -7694.517
 -7978.523   8219.690  -98732.53
 -8853.060   6461.910   48952.65
  34934.94  -7861.800  -5666.568
 -41472.14  -55061.79  -50734.97
  15328.86  -39726.46  -74709.23
  49838.74  -3964.931  -2824.021
  30068.05   37467.91  -64852.46
  42338.81  -18927.58  -61240.17
 -35194.44  -30530.18   6496.326
 -8543.516   28045.48   43374.90
  2552.708   3509.378   5965.926
 -46216.89  -61612.26   38635.38
 -11169.35  -52675.32   30586.72
 -56112.85  -30105.05   2867.468
 -14702.97  -31264.70  -89816.84
 -63908.76  -28122.51  -12189.71
  70686.14   36583.05   57180.11
 -22717.53  -71860.47  -14674.41
  60460.22  -37325.24  -20842.30
  499.2916  -3940.777  -3977.419
 -986.1428  -1355.716  -2304.711
 -18186.19  -8004.685   20345.01
  67039.41   12652.68  -59493.98
  92417.71  -4962.258  -23075.10
 -42519.55   25478.06  -47575.19
 -29869.05   74331.28  -42927.19
  10536.97   35015.98   91450.33
  24787.11   27533.69  -13411.93
  60144.57  -41746.81  -62731.50
  5.978975   14.40088   15.66082
30
  17290.01   75111.21   2966.791
  83395.47   25550.40  -26549.73
 -62398.90  -50515.86  -27939.18
 -9454.305   72084.69   9147.729
  4504.757   6399.163   9053.856
  5217.549   6064.902   9299.660
  23075.10   3474.668  -24215.93
  29983.10   23870.06   38699.68
  4019.631   78991.67  -51665.30
  35028.96   44750.26  -7114.302
  57588.62  -64604.05  -34929.62
 -33163.65   27553.66  -63535.83
 -16450.85  -57488.72  -22920.74
 -70939.75   48981.85   6104.328
  4744.320  -50551.45  -55016.28
 -52860.07  -16548.72   47845.45
 -4625.369  -81419.75  -7304.286
 -46669.29  -56994.78  -44354.67
 -10305.12  -8337.943  -39444.49
  4298.737   4996.871   7661.987
  3103.260  -35474.24   27303.94
  47986.98   72766.01   6735.592
 -35213.78   15280.57  -91232.87
 -14526.40   56771.61  -72158.78
  41018.93  -53433.50   19403.28
  4541.232   58125.78  -74564.32
  11370.16  -41672.03  -50357.13
  45409.69   23155.71  -57585.18
  44263.69   45323.86  -38763.70
  56840.91   71816.39  -35425.59
  95.97928   42.38856   98.06575
30
  7524.426  -71079.60  -57318.18
 -92899.22   29480.03  -4221.949
 -21800.57   43196.65   9462.521
  10200.70  0.7511308  0.7511308
  42597.35   17421.96  -46526.55
 -13038.96  -37154.18   14609.75
 -83839.27  -6356.713   32617.66
 -71035.30   12837.50   60094.76
 -17672.07   19838.28  -10325.21
 -68420.58   49396.67  -30057.42
 -21193.16   38459.04  -70854.45
 -24001.09   87704.88  -31903.94
 -32537.33  -77481.37  -35145.55
  81327.88   33611.25  -2469.773
 -28897.32   11717.23   59965.85
  5241.901   2334.378  0.3860013
  48042.01  -10614.17  -24980.08
 -27789.39   47910.85   7603.464
 -50097.45   29338.73  -58685.28
  7398.636  -21359.17  -3771.399
 -8118.926   38310.72   53707.09
  6643.868  -12146.38   43512.14
  49738.61  -10942.11   29504.93
  7908.869  -34097.54  -14063.26
 -95762.53  -17236.38   12619.58
  43458.99  -19995.27   30014.44
 -15030.21   2585.694  -430.2121
 -5182.300   72045.25   60867.21
  1672.203   27022.17   19371.04
  4601.095  0.3388028  0.3388028
  38.86000   7.414374   44.79235
30
 -95731.39  -4104.876  -21920.28
  38062.25  -44731.25   58540.33
  67802.28   14827.90   52521.68
  3805.754   22628.17   44430.85
  98523.45  -5226.584   5398.061
  3141.680   292.8108   294.0799
  11693.04   24715.53   20661.54
 -29752.24  -2905.080  -56651.92
 -28738.84  -3957.366  -71350.82
  15724.75  -1232.501  -32153.65
  40493.85   8031.263   24572.97
  50536.46   12199.87  -79431.91
  49277.72  -5859.327  -57621.46
  45109.02   18111.75  -37250.69
  25201.28   2348.809   2358.989
 -10660.40  -34404.55   57012.17
  35290.36   81220.20  -44120.33
  27709.67  -27549.49  -23889.19
  48177.76   1066.691   3.715936
  35739.92  -56929.79  -52898.01
 -48300.28  -2307.695   54486.64
  68931.99   25094.15  -24649.16
  26044.16  -39515.49  -43328.96
  15993.67   68709.95  -54583.08
  28209.39  -90539.91   31188.46
 -7448.566   88683.74  -7862.834
  5981.320   2621.307   577.7373
 -46105.97  -35567.95   46982.44
 -46440.04  -34629.35   6522.786
 -12943.88   93480.04   15882.87
