3 1000
56 7 28 7 79 5 73 8 102
5
34
7
57
1 31 7 42 4 138 7 109 8 50 8
135 1
94 3
2 1 138 8 77 7 95 1 133 6 105 3 23 8 0
32 3 136 6 62 3 97 4 135 1 91 5 112 4 26 5 0
129
1 108 8 54 3 33 2
0

3 1000
17 3 10 1 25 15 93 12 13
9
9 8 81 1
142 16
142
16
10 11
23 17 51 11 98
10 43 10 106 1 119 16 139 17 95 3 0
10 4 32 6 33
12 93 18 78 2 84 8 121 1 85 4 68 5 26 1 99 12 26 11 46 3 97 4 12 16 13
6 84 5 41 3 10 6
62 17 99
13 110 17 0
113 5 129 9 23 16 66 9 25 13
0

3 1000
70 20
31 3
51 26 88 23 47 18 36
2
92 8 13 26 37 21 22 17 29 12 56 9 91 9 19 1 110 3 0
7 28 30 24
14 8 115
1
65 19 17 16 85 8 68
17 88 6 10
26
68 23 51 9 94
7 89 8 28 3 111 5 45 6 76
15
0
54 21 92 26 115 8 10 24 91 11 102 19
4
19
88 16
10 7 0

3 1000
25 25 93 33
22 31 129
15 124 28 33 21 70 35 116 25 133 33 91 29 37 17
113 33 58 22 76
22
100 31 16 19
116 24 20 9 2 21 83 18 8
24 0
31 35 66 32 135 29 76 18 66 36
0
111 34 108 12 80 23
68 24 30 32
53
24 96 2 80 1 1 22 126 6 69 24 0

3 1000
41 17 106 12 17 29 0
26 7 89
6 135
7
65 43
87
18 62 11 80
1 116 16 5 9 99 42 48
36 99 43 107 38
84
4
34
28
127 2 67 27
83 38 75 34 37 25
133 9 57 32 63 33 0
108 32
120 28 95 40 36
24 87 39 0

100 10080
567 2 284 2 797 1 739 2 1032
1
349
2
577
1 314 2 426 1 1400 2 1108 2 507 2
1367 1
955 1
28 1 1397 2 777 2 961 1 1341 2 1063 1 239 2 0
329 1 1377 1 632 1 985 1 1368 1 923 1 1131 1 270 1 0
1305
1 1095 2 551 1 334 1
0
180 1 107 1 253 2 945 1 134
1
100 1 825 1
1439 2
1436
2
5 1
234 2 517 1 989
1 438 1 1076 1 1199 2 1410 2 960 1 0
110 1 329 1 333
1 937 2 786 1 853 1 1220 1 861 1 695 1 262 1 1002 1 265 1 472 1 986 1 126 2 134
1 854 1 415 1 5 1
628 2 1006
1 1114 2 0
1142 1 1309 1 234 2 667 1 259 2
0
709 2
319 1
519 2 895 2 482 1 372
1
931 1 131 2 382 2 226 1 299 1 567 1 919 1 195 1 1115 1 0
70 2 303 2
143 1 1165
1
659 1 171 1 856 1 686
1 891 1 100
2
693 2 514 1 949
1 901 1 285 1 1126 1 454 1 767
1
0
550 2 935 2 1166 1 8 2 925 1 1035 1
47
1
891 1
8 1 0
260 1 940 2
226 2 1302
1 1251 2 335 1 711 2 1172 1 1347 2 918 2 378 1
1145 2 593 1 775
1
1009 2 162 1
1172 1 207 1 25 1 839 1 84
1 0
316 2 666 2 1366 2 772 1 671 2
0
1123 2 1096 1 807 1
688 1 303 2
537
1 974 1 811 1 13 1 1277 1 702 1 0
421 1 1076 1 176 1 0
265 1 901
1 1363
1
665 2
884
1 628 1 815
1 1172 1 51 1 1007 2 491
2 1006 2 1083 2
851
1
351
1
1280 1 675 1
841 2 758 2 380 1
1341 1 577 1 638 2 0
1093 1
1216 1 961 2 368
1 880 2 0
495 1
7 1 1181 1
275 2
121 2 133 2
685 2
833 2 138 2
395 2
1075 1 1095
2 491 1 941 1
117 1 164 1 962 1 1106
1 0
304 1 624
1
665
2 985 2
67 1 157 1 1008 1 831 1 538 1 0
1076 2 1028 1 723 1
1088 1
282 2 264 1
1279
1 287 1 319 2 0
424 1 335 1 1170 1 0
1099 1
1267
1 637 1
469 1
1160 1 567 1
1298 2 663 1 354 1
1079 1
1236
1
4 1 936 1
1381 1 298 1 0
1193 2 278 1 466 1 922 1 8 1 639 1 503 1 72
2 1420 1
517 2 1132 1 0
864 1 229 1 0
766 2 127
1 1295
1
316 1
664 1 1203 1 968
2 553 2 148 2
1326 1 1394 1
0
903 2
1039 2 795 2 918 1 523 1 1153 1 548
2 0
1276
1
1332 2 788
2 162 2 664 2 1376
1 518 1 886 1 999
1 998 2 972 1 254 1 262 1
601 1 186
1 763 1 780 2 600 1
667 2 383 1 659 1 741 1 1418 1 464 2 768 1 0
830
2 1330 2
1015 1
1179 1 182
2 801 1
45
2 304 2 0
1046 1
129 2 549 1 561 2 1020 1
223 1 50 1 845 1 825
1 1245 2 280
1 87
1 1424 2
812 1 645 1
226 1 1191 1 209 2 0
57 1
97 1 153 2 962 1 1152 2 1066 1 1210
2 9
2
1395 1
912 1 774 1 1061
2 0
692
1 661 2 569 1 1033 1
1078 1
1160 1
49 2
777 1
595 2 0
1033 1 1343
1 716 1 124 2 1239 1 859 1 0
281 1
306 2 637 1 1430
1 462 1 1040 1 722
1
408
1 562 1 505 1 78 1
1183 1
474 2
1428 1 488 1 1084 1
172 2 304 1 1045 1 1363 1 1141 1 974 1
877 1 547 1 0
362 1 338 2 371 2
257
2 542 1 1309 2 1377 1 1094 1
835 1 1135
1
944 1 0
1359 2 1098
1
21 1 463 1 1296
1 385 1 1393 1 976 2 557 1
1161 1 1285 1 0
171
2
946 1 259 2 1374 1 256
1 369 1 933 2 835
2 274 2 677 2 216 1
170 2 1307 1
964 1 455 1 1404
1
1406 1 1069 1 907 2 511 1 337 1 44 1 663 1 879 1 425 1
0
190 1 1335 2 1275 1
990
1 390 1 1024
1 1031 2 1386 2
1173 2 1047 1 1425 2 0
1186 1 825 1 266 1
576 1 763
1 1304 1 713 1 664 1 287 1 145 1 191 1 863 2
929 1 1097 1 646 1 174 1 1358 1
506 1 601 1
294 1 1089 1 0
849 2 470 1
1353 2 1355
1 480 2
817 1 112
1 746 1
656 1 0
59 1 1090 2 646 1 343
1
613 1 190
1 250
1
986
2 1223 1 1369 1 1109 1
895 1
1346 1
642 2 1184
2 287 1
351 1
423
1
0
1431
1 364
2 1078 1 1210 1 761 1 1390 1 1288 1 346
1 356 1 975
1 67 2 76
2 0
94 2 342 1 969
1 761 1
794 2 1116
1
1411 1
647 2 727 2 187
1 199 1 157 2 488 1
856 1 801 1
71 1 1424 1
519 2 970 1 0
1271 1 1070 2 1393 1 147 1 1167 1
292 1
802
2
0
841 1
147 2 442 2 1124
2
0
621 1 47 1 1044
1 385 1 1151
2
1310 1 763 1 291 1 201 1
225
2 430 1 22 1 0
140
1 714 1 237 2 214 1 302 2 657 1 218 2 744 1 816 1
1250 2
1017 1 694
1 1092 1 243 2 1395 2 381 1 0
724 1 1084
2 819 1 498 1 1214 2 0
375 1 46 1
446 1 1237 2 1134 1 940
2 692 1
904 1 572 1 358 1 707 2 85 1 0
1244 2 484 1
937 1 115 2 984 1 1287 2
612 1
0
10 1 545 2 1292 1 624 1 1163 1
652
1
1352
1
403 2 180
2 833 1 339 2 819 1 1077 1 0
790 1 1227 2 299 1 1348
2 616 1
457 1 1358
1 795 1
0
1303 2 1055 1 51 2 1294 1 1333 1 551 1 1173 2 32
1 1225 1 942 1 1217 2 1092 1 365 2 81
1 705
1 147 1 127 1 916
1 796 1 1237 2
1433 2
1408 2 1202 2 112 2
0
618 2 494 1 732 1 551 2 0
1220 1 1054
1 1404
1 418 1 137 1 1287 2 1079 1 694 2 310 1 0
212 1 1140 1
244 1 442 2 643
1
1193 1 661 2 69 1
869 1 520
1 1140 1
323 1 816 2 817 1
528
1 164 1 649
1 153 1 375 2 384 1 749 1
549 1 830 1 802 1
1229 2 0
238 1
1234 1 0
188 2 126 2 163 2 49 1 525 2
1249
1 672 1 978
1 91 1
1012 1 405
1 732
2 79 1 1170 1 1144 1 430 1 442 1
567 2 28 2 100 1
688 1 1257 1 1345
1 222 1 1270
1 0
431 2 1358 1 1330 1 670 1
51 1 99 1 1334 1
446 1 872
2 758
1 776 2
1269
1 29 1
864 1 506 1 886 1 827
2
324
1 622 2 692 1 299 1 1272
1 197 2 674
2
0
1073
1 1002 1
44 1 1062
1
944 2 464 2 0
1037 1 1054 1 85 1 0
945 2 462 1 1072 1 1113 2 42
1 545
1 859 1 1296 1 967
2 0
93 1
1411 2 245 2 1417 1
1422 2 833 1 1044 1 791 1 84
1
319 2 1333 1 267 1
1244 1 467 1
682 2
690 1 607 1 955 1 0
986 1 0
596 1 399 1 1029
1 146
2 794 2
77 1
363 2 1195 1 835 1 442 1
1194
1 36 1 1 2
0
345
1 1321 1 922 1 73
1 834 1 308 1 337
2 1294 1
0
1188 2
905 2 1193
1 976 1 26
1 1035 2 166 2 1384 2 1324 2 700 1 1214 1 75 2
1236 1 902 1 275 2
364 2
862 2
930 1 676 1 583 1 201 2 1029 1 913 1 1330 1 1281 1 0
15
1 52 1 246 2 243 1 395
1 140
1
121 2 802 1 790 1 125 1 889 1 303 1 1216 2 643 1 0
38 2 1225 1 1024 1
188 1 547 2
997 1
372 1 19
1
0
1361 1 993 1 216
1 1096
1
1251 2
655 1 773
1 141 1
106 1 240 1 1092 1 1047 1 0
786 1 197 1 230 1 1168 2 1183 1 892 1 1343 2 582 1 471 1 262 1 317 2
463 1
264 1 735 1 714
2 938 2 616 1 1229
2
126 1 922 1 0
195 1 1003
1 1307 1 233 1 0
1309 2 595
2 638 2 380
1 1117
1 660 2 1092 2
1406 2 1088 2
1385 1 1423 1 1041 1 841 1
117 2 1265 2 231 2 1294 1 53 1
574 1
297 1 0
27 1 931
1 99 1
0
675 1 1150 1
357 2 1225 2 1055
1 501 1 1168 1 227 1 685 1 1250 1
346
1
27 1 1012
1
1105 1 201 1 742 2 652
1 0
876 2 117 2 742 1 1118 1 1311 1 381 1
971 1 956 1 410 2 308 1 173 1 1227 1 806 1 588
2
654 2
0
386 1 503 2
1385 1 1117
1 343 2 937 1 0
562
1 405 1 1354
1 1153
2 243 1
634 1 642 1 924 2
1384
1 654 2 1254 1 1404
2
408 1 674 1 166 1 75
2
253
1 0
250
2
406 1 555 1 827 2 764 1 1340 2
25 1
156 2 1257 1
281 1 1030
2 757 1
847
2 493 1 764 1 897 2 299 1 1154
2 469 2 1110 2 816 2 620 1 0
1048 2
755 1 1424 1
1113
1 1394 1 0
1232 2 1291 1
559 2 336
1 662 1 4 1
0
1075
1 797 1 1112 1
16 1 0
833 1
301
1 407 1 895 1 314 1 569 2 414 1 798 1
411 1 3 1 199 1 626 1 0
1186 1 599 2 1164 2 358
2 428 1 722 1 138 1 566 1 1424
2 838 2 1020 2 1144 1
1190 1 1293
1 98 2 876 1 621 1
613 1
743 1 1212 1 950 2 958 1 1219 1 0
1263
1 81
2 799
1 146 1 112 1 457 1 200 2 218
1
362 1 599 1 524 2 281 2 1080 2
645
2 4 1
1302
1
592 1 0
894 1
834 1
983 2 634 2 1142 1 856 1 1197 1 36 1 1120 2 1070
1 1065
2
1380 1 783
1
1165 2 312
1 12 2 780 1 1162 2 924 2 929 1
805 1 376 1 341
2 1139 1 419
1
0
475 1
538 1 412 1 252 1 1020 1 510 1 1292 1
859 2 3
2 42 1 637 1 256 1 1430 2 699 1 521 1 1336 2 459 1 0
652 2 1256 1 693 1
1060 1
1278 1 620 1 471 2
897 1
1421 1 1316
1 0
461 2 124 2
0
348 2 205 2
539 1 928 1 409 2 994 2
1059 1 541 1 1187
1 403
1 1095 1 0
1413
1 1193 2 440
1 622
1 456 1 199 1 924 1
1309 1 799 1 1361
1 419 1 1013 1
458
1 922
2 513 1 541 1 1285 1 662 1 1384 1 959 1 66
1 185 2 158 2 0
1308 2 1056 1
1137 1
1322 2 664 2 178 1 842
1
1308 2 530 1
767 1 272 1
191
2 1054 1 769 1
1391 1 903
1 1328 1 705 2 1015
2 263 1 1003 2 546 1 949 1 805 1 0
547 1 1031 1 885 1 1013 1 1034 1 964 1
316 2
1341
2 171 1 1106 1 1068 2 953 2 265 1 535 2 134 2
1258 1 0
541 1 737 1 558
2 1086 1
509 1 411
2 1177 2 364 2 970
1
918
1
144 1 0
1030 2
695 1 888 1 181 2 757 1 1284 1 354 1 710 1 1289
1 1117 2 1129 2 107 2 186 1
521 2 0
51
1 403 2 687 1 250 2 614 1
816
1
501 1 387
1 322 1 803
2
456 1 635 1 693 1
0
400
1 869 2 125
2 568 2 336 2
4 1 445 1 709 2 684 1
1012
2 460 1 61
1 142
1
447
2 794
1
742 2 163
1 480 1 669 1 1299 2
0
339
2 9 2
73 2 1030 1 1108 1 1206 1 325 1 501 1 904 2 1146 2 923 1 335 1
1143 1 418 1 0
1118 1 1007
2 46 2 562 1 1112 1 0
231
1 1097 1
345 2 255
1 31 1 15
2 784 1 86 1 1257 2 685 1 1431 1
772 1 1097 1 1408
1 33 2
803
1 1313 1 946 1 230 2 1300 1 239 1
750 1 951 1 961 1 302 2 0
104 1 493 1 784
2 656 1 916
2
918
2 1194 2 518 2 239 2 1236 1 0
1432 2 1172
1 1395 1
804
2 1168 1 721 1
0
191 2 478
1 1168 1 1242 2 1127 1 1321
1 616
2
1020
2 1355 1 1087 2 1009 1 1108
1 160 1
660 1 113 1 0

100 10080
1226 2 1111 1 856 5
301 4 935 2 1057 2 1432 4 567 4 322 4 1210
1 0
171 1 421 1 1316 2 986
2
1340 2 971 4 585 4 1370
1
906 3 995 3 210 1 143 4
458 3 1335 4 73 4
1056 1 364 1 934 3 1217 3 102 5 0
765 3 360
5 1082 3 1387 5 312 2
690
5
1109 1 1225 5 1320 1
968
1 10 1 719
3 101
4 233 3 878 1 434
4 1208
2 251 5
0
131
2 1160
1 1403 5 685 1 142 3 899 1 215 4 804
2 258 5 173
4
54 4 1023
4 1300 1 94
1 1177
4 174 1 278 1 134
2
1277 3 483 2 1013 4 985 5 94 5
0
1302 1 1112 5 1292
4
982 2
1093 4 649 5 781 2 452 1 250 1 1333 4 1402 5 1322 4 93 5 124 5 427 5 198
4 876 1 1146
2 920 2 969
1 999
1 34 2 945 5 706 1
0
526 2 1430
1 883 5 1254 2
1371 1
955 4 449 2
1031 4
298
2 430 2 336 3
207
1
603
1
831
1 976 5 0
946 1 1435 1 0
1412 2 1344 4
1001 1 487 1 1060 5 132
2 542
3 280
5
1425 4 1381 5 1355 3 164 3 463 3 985 5
47 5 1021 2 322 3
1347 4 1278 1
96 4 675 4
447 1 481
3
52 4 325 2
0
405
5 280 4
1054
2
1417 2 1255 1
521
1 1284 3 1131 1
1098
4 5 5 1103 5 224 3
155 1 1114
4 714 5 137
2 430
4 1048 1 443 1 326 2 564 4
1035 4 1416 2
1340 5 0
1084 4 822 5 660 4 1191
3 1221 1 885 2 1185 1 664 3 95 4 854 1
1416 1 1249 1 976 1 923 3 211 1 724 4 254 1 356 4 216
1
1431 4 806 5 768 3 866 1
863
3 0
1270 5 530
2 332 2 156
1
143 3 1302 1 749 1 163
1 905 1 699 2 1345 1
87 1
672 5 1220 1 956 5 674 4
915 1
0
806 2 44 3 826 4
863
1 256 2 579 1 58
2
322 3 484
1 766 3
755 1
652 5 1056 1
0
327 4 365 3 452 1 915 4 118 5 383
5 73 1 1031 1 495 1 1016 2
354 2 1285 1 278 2 597 1 1183 5 1230
2
136 4 0
209 5 251 2 181 3 1242
4
153 5 397 2 9 3 493 2 206 1 217 4 1438 4 508 1 1280
5
774 3 1222
1
632 3 0
1082 1 886 1 411
1 0
1053 1 1310 5 405 3 40
2 0
775 3 1094
2
111 1 781 1 872 1 1085 3 459 3 913 1
1133 1 1038 3 135 1 331 5 1434
1 1180 1
60 2 410 4
0
1230 4 325 2
0
1429 5 167 1 1071 1
1434
1 1177 1 577
3
1395 1 201 2
831 1 499
5
1356
1 330 2
787 4 933 5 29 1
738 1
1316 4 614 2 1239 1
0
1089
1 1226 5
302 1 1048 5 809
1 1171 1 1176 2 5 1 971 1 900 3 639 1
1431 2 330 2
187 3 702
1 886 1 1105 4 273 1 0
704 1 385 5 239 1 0
14 3 1348 3
832 2 1219 4
405 3
192 2 250 1
505 4 586 3 993 3 1155 3 916 4 680 1 782 2 0
652 1 843 4 37
3 1005 1 876 1
793 3 357
2 898
1
1374 2 897 3 696 1
219 5 41
4 627 2 873 1 1299 1 0
1153 2
1334
3
160 1 940
1 1303 1 490 5
374
1 690 3 434
2 222
2 1129 3 997 1 1212 5
763 1 64 3 397 4 432 4 293
4 1170 2 316 1
0
51 4 822 5 284 1 405 4 867
3 1304 3 0
125 4
702
1 0
193 2
356 3 155 1 478 1
915 4 195 1 878 1 1037 3 123
5 1058 4 509
3 1342 4 917 4 294
1 841 2 238
1 205
3 876 4 647 3 156 5 1094 2 1187 4 0
411 2 1257 2 345 3 160 1 280 3 0
529 1 395 4
539 1
551 5
323 1 750 4
1406 1 1241 4 175 1 1359 2 0
1139 1 534 4 770 4 100 2 230 1 985 1 746 3 1356 1 480 1 991 1 441 3 1067
3 1327 5 376 1 661 1 1152 1
1149 4 481 4 999 1 642 1 0
302 4
348 3
1095
5
249
5 1278 5 176 2 775 5 294 4 406 3 346 3
386 1 877
5 673 1 553 1 0
34
4 1405
3 1077
4 1124 1 1414 5
970 2 981
5 257 5 19 3 1128
3 416 2
441 2 642 1
0
1197 2 837 1 1042 2 1214 1 46 1 259 4 1099
2
587 5 234 1 360 1 835 1 65 2
190 3 76 1 628 5 200 1 401 1 753 2
1200 3 424 5 0
748 4 1426 1 650
4 347
3 165
1 906
1 929
4 6
1 1329 2 634 3 1250 1
536 3 1340 4 1062 1 53 5
1384 3 0
1390 3 487 3 971 1 0
723 5 1400 1 1437 4 564 1 889 5 1264 4 0
572
4 716
5 1349 5 0
1260 5 748 2 362 5
597 4
316 3 1038 4 1289 4
757 3 1179 1 1268 1
617
1 1308
1
2 2 0
145 2 317 1 397 1 1039 4
981 3 265 3 633 1
167 3 709
5 909 1 1304 4 229 4 564 3 1133
4 0
156 1
1197 3 318 2 728 2
261 1 1107
1
821 5 730
3 566 4 1401 1
875 3
17
1
10 5 465 5 929 3
1388 4 38 3
1133 1 406 2 1233 2 1363 3 518 1
497 1 0
1332 1 360
1 0
848 1
732
4 1290 2 1377 1
1068 5 1013
4 266 3 612 3
0
1223
1 1226 4 934 2 514 1 777
2 1224 4
643
2 1095 4 913
2 449 1 856 2 191 4 723
1 1418
2 166 2 665
2
341 3 393 2 180 4 0
754 4 267
3 898
1 765
1 986
5 1018 5 38 2 913 1
0
81 4 733
5 496 1 666 1 1203 1 1218 2 68 1 696 2 423
4 308 2 132 1 610 1 331 3
63 4
363
4 0
307 4 90 3 1432
4 402 5 730 4 1213 5 937
1 1320 1
139 3
754
5 479 1 77
1 0
88 1 707 3 42 2 682 5 221
5 1416 3 0
367 3 414 3 1371 1 204 5 488 5 1043 1 408 4 90 1 306 4 973 1 1221 3 615 2 334 4 0
1203 5 865 1
9 1 621 2 134
3 972 1
64 2 845 1 152
3 1222 4 913
4
1292 4 531 3
70 1
888 2 1230 3 1064 3 0
667 5 207
2 1203 4 153 1 1370 2 1337 1 445 1 0
1272 2 1231 2 647 4 821 1 439 1 493 3
185 1 730 2 1248 4 1194
3 40 1 362
5 62 1 47 2
224 3 1000 1 1198 1 1389 5 202
3 427 5 1128 4 257
5 1273 5 817
1 0
611
4 6 2
540 2 1111 4
701 1 707 2
748
3 331
2 135
5
1403 1 282 1 575 5 680
2 984
1 160 4 993
5 528 5 452
3 1066 2
1313 1 0
775 1 541 3
405
4 16 4 559
1 1232 1 368 4 572
1 654 2 191
4 264 5
137 1 1240 5 276 3 828 1 0
700 4
583 1 724 4
769 1 147 1 927 4 483
2 453 5 0
1074 4 235 5 65 2 238 1 983 2 471 4 1084 4
0
862 1 241 3 532 2 1245 2 865 1 1195 3
660
5 1192
1 0
457 3 894
1
921 5
45 4 842 1 728 3 408 2 1105 4
1056 5 996
2 823 2 1320 5 0
284 3 566 4 827
4 91 1 0
652 4 920 2
1305 1 1186 1 237 5 735 5 836 4 596 1 1000 4 120 2 756 5 365 5 908 4
1008 4 85 3 14 1 0
203
3 694 5 636 2 160 1 1025
3 51 2 826 3 473 4 591 4 1283 1 1306 4
803 5 0
858 1 347 1 489 3 189
1 1216
2 223 2 625 2 599 1
501 3 1278 4 1421 5
587
3 113 4 897 1
984 1
2 1 1011 5 372 4 198 2 1181 4 1269 1 1164
3 778 3 479 5
0
1197 3 639 4 303 1
105 1 77 2 153 4 793 1 271 3
0
288 2
487 1 887 3 652 3 1165 1 807
1 492 1 247
3 974
2
861 3 134 4 946 3 214 1 1010 3
182 4 978 3 466
2 1106 1 451 2 333 2 862 1 325 1 388
3 0
462 4 972 1 1085
5 650 5 570 1
495 1
932 1 428 1 754 1
0
301 1 1241 4 938
1 158 1 834 1 751 3 1192
1 247 5 489
3 0
484
3 343 3 996 1 38 2 1227 3 680 1 256 1 259 1 722 5 211 1 690 4 1004 1 654 3 162 4 371
3 897 5
649 4 615
2 718 2
671 4 883 4 1 1 0
856 2 937 4 679 5 1191 1
450 2
62 3 403 1 543 4 416 1 1349
2 714 1 571
2 590 4 451 4 1040
3
1027 1
1105 5 707 1 1362
1 343 1 806 1 0
1278 4
76 4 55 1 0
1386 1
1298
1 584 5 127 1
467 1 360
4 1162 1 851 1 855 3 548 4 392 1 72 3 1250 1
1025
1 494 1 388 2 0
170 5 97 1 1414 4 192
1 372 2 1135 3 63 3 49 4
1255 1 798 3 1311 1
602 4 1139 5 390 5 0
876 1
689 5 0
1343 4 557 4 976 4 1383 4 144
2
502 3 1016 2 1125 2 843
1 0
173 2 131 2 969 4 1057 1 633
1 655
1
573 4 1411 1
160 2 867 4 201 5 429
1 77
5 272 4 1011 1 320 4 82 3 226 5 0
1320
1 500 1 1269 4 311 3 592 5 41 4 1131 2
617 1 1358
1 159 4 1191 4
1228 4 947 1 1291 1 533 4 360 1
49 2
1087 1 1226 3 579 5
13
4 0
1081 1 590
2 289 1 228 2 816 1 879
5 1426
5
1102 5 685
4 289 1 1295 1
1223 3 626 5
1245 1 1365 4 1275 1 1280 1
292 2
1158 1 1428 1 760
2 1399 1 0
150 2 1245 4 1420 1 462
1 444 4 1295 3 1088 5 236 4 675
1 1224 1 984 1
531 4 0
1040 1
282
4
1396
1 1070 1 955 4 0
782 1 300 1
76 4 665 5 812
2 450 1 813
3
1263
5 353 1 485 3 945 1
191
3 107
1 598 1 1087 1 1168
1
104 2 768
4
531 1 0
1362
1
673 2
955 4 893 1 709 4 1167 1 17 1 1083 5 1325 4 475 2 1038 2 987 1
1397 5 128
3
855 1 826 1 1190 5
97 1 818 1 355 2 116 5
693 1
696 2
0
673 1 625
2 502
1 388 1 16 3 0
1045 1 1296 1 806 4
801
3 604 1 901
4 289 1 1233 5 552 3 0
1267 1 569
5 1033 5
1167 3 390 1 97 2 879
1 851 1 1295
4 493 4
756 1 132 1 0
311 3 525 2 404
5 255 2 440 3
765 3
1196 1 230 1 822 1 70 1 1080 5 1038 1
213 1 1032 4 0
189
5 343 1
787 1 847 5 430 3 263 4
1107 4 524 2 746 1 902 4
1262 2 336 1 419 1 781
3 778 5 1300 2 782 1
383 1
1140 3
0
1358 2 1108 2 748 1
0
362 4 482 1 803 2 1048 3 411 1 286
3
804 3 1102 5
773 3 174 2 825 3 162 3 8 1 93 1 397 5
0
1140
1 1051 3 479 1
1304 1
333 1
1353 1 926 1 1067
1 249
1 166 3 42 3 731 1 907 5 0
147 1 631 3 1223 4
391 1 359 1
313 3
15 4 433 4 1032 1
1047
4 340 3 87 2 451 2 0
211 2 668 4 629 3 873 1 569 4 447 5
1233
2 970 4 819 2
1265 4 0
548 1
1245 2 873 5 261 4 414
1
1379 4
368 1 900 1
139
1 1232 3 1198 2
527 2 0
646 2 824 3 932
5
114 1
82
1 891 2
1373 2 1206
3 1298
3 1015
4 386 2 0
697 4 852 1
1244 1 938 1 1415 3
61
4 1330
2 751 2
564 3 1116 1 1412
5 629
2 754 2 120 4
671 4 219 5 827 3 447 5 1100 5 0
405 3 195
2 1324 5 124 2 1294 5 645 4
336
4
1422
1 937 3 1252 1 342
1 82 3 440 2 1128
4
364 1 977 2 197
1
1333 4
730 2 280
3 966 1 183
2 1040 3 66
4
252 1
0
1421 4 1084 5 1148 3 1073
4 696 3
0
1359
5 538
3 395 3 637 1 485
2 1058 3 168 1 1346 1 812 3 572
2 1168
1 576 5 983 3 1070
1 765 1 1108 1 968 1
1412 4 1191 1 660
5
733 3 0
1045
1
481 5 20 2 717 5 385 1 1056 3 421 1 552 2
905 1 524
4 504 1 1045
1 1260 1 787 2 1034 3
201
1 0
639 1 688 5 1276 2
1277 5
884 3 1324 1 226 3 782 1 267 3 1405 1 346 5
212 1 639 1 553 5 1197 4 64
2 580 5 563 1 1419
4
92 5 1276
5 0
1124 2 962 2 339 1
782 3 1027
4 1349 5 1146 4 486
3
1302
2 6 1 805 2
1192 5 164 2
793 5 1230 1
1291 1 0
1156 1 0
455 5 541 3 522 5 1171 1 1162
3
335 1 436
1 296
1 481 1 184 5 923 1 490 1
740 1 519 1 652 1 0

100 10080
943
1 594 1 1028 8 1252 8 924
7 502 7 1289 1 1248 2 1389 4 13 5 228 2
1427 3 485 1 1201 3 750 2 385 7 1094 5 0
405 1 1169
7
763 3 927
5 644 1 846 1
659 7 61 7 153 1 161
8 857 3 686 7 464
7 846
8
698 7 645 7 974
4 212 3 1217 8 1199 2
1297
1 221
4 1287 1 225
7 0
533 1 77 5 0
1433 7 1262 2 299 1 195 1 342 2
237 4 916 7 11 4
650 2 150 2 121 1 243 4 808 4 365
4 550 4 123
3 652 7 327
7 592 4 221
8 1298 3
831 1 447 3 0
1071 1 1153 5 712 3 652 4 1324 3 1049 1 879 8
484 6
469 4
670
1 1435 3 504 8 343 6 1342 5 1053 6
0
681
3 880 6 804 5 171
2
130 2 453 3
1334 6 913 5
10 3 672 2
1355 1
174 1 1333 5 1030
2 1431
1 1373 6 1154
5 518 2 1257 3 902 1 1344 6 1350
2 275 4
480 1
655 3 0
1005
3 689 5 928
7 1397 3
1220 2 1371 5 732 6
328 6 917 7
928 1 1037 7 792 6 953
6 605 7 0
818
4
1277 6
494 6 1340
5 1209 4
85 6
0
557 1 613 7 1193 3 912 5 387 3 131 1 1163 3 29 2 34 5 1023 8 554 6
1387 4 1245 4 335 3
1319 6 0
44 3 3 1 1148 7 644 1 544 6 1380 4 1438 4 396 1 0
679 7 1198 1 248 8
712 3 669 7
324 1 73 1 51 3 105
6 707 3 209 6 149
4 1248 5
1371 7
1028 4 408 2 107
2 1269 1
1429 5
148 5 0
504
5
1342 7 239 1
1255 1 1091 6 1335 3 697 8 244 3 15
5 936 6 216 7
625
8
1012 5 771
4
752 6 629
1 0
1270 6 273 4
700 4 0
1087
2 1189 3 1147 7 858 5 1018 5
868
2 976 6 1411
6 562
1 1165 4 555 1 910 6 871 3 0
1047 2
183 1 472 6 1383 1 693 7 1317 4 862 2
382 5 1370 1
677 3 176
1
65 4 150 3
235 6 0
74 8 733 4 133 7 18 4
1254 1
125 2 119 5 79 5
299 5 815 1 1191
1 1132 8 75
7
1213
5 694
7 793 5 197 4 0
916 3 542 4 265
7 14
1
922
5 1401
3 1203
5
880 6 1012
8
444 8 876 7 1337 6 121 3
0
1110 4 280 4 503 2 1042 6
383 6
90 1
278 1 41
2 1082 6 524 4 1427 1 56 7 214 3 126 2 200 7
0
259 2 973 2 1114 7 208 4
724 1
403 2 972 7
677
5 89
4 444 5
1189 4 204
1 1368 7 909
1 0
1355 1
75 1
491 3
684 1
54 1
1434 1 901 7 498
3 771 2 428 5 364
7 712 6 1146 5 980 1 159 1 15 6 0
93
2 1139 6 1002 2 288 2
771
6 165
3 160 8 904 4 954 1 866 2 543 7 654
5 339 2 729 2 893 1 1200 8 515
8 46 2 1197
8 291 2 118 6 460
1 602 1 0
188 3 1006 2 825 6 976
7 468 3 110 1
297
5 517 4 875 6 343
2 1027 3 68 6 853
2 189 7 984 7
471 4 570 2 426 3
689 3 299
7 365
4 1001 6 1147 3
150 1 0
434
4 835 2 1346 5
988 2 1384 4 0
1358
1 305
2 943 4 104 3 886 4 784 1
1309 8 752 1 541
7 332
7 0
622 6 67 3 1323 3 1288 3 688
3 82 1
967 3 847 4
1332 6 965 7 25 1 1148 6 815
1 1413
6 1314
4 531 4 417 2 0
201 4 945 2
343 6 823 3 196
5 705
5 997 6
269 4 413
6 867
1 819 1
391 7 856 5
0
417 3 502 3
29 3
730 6 650 1 1171 5 218
8 990
3 929 1 474 1 443 4 1110 3 1216 4 1053
1 293
5 166
7 1333
6 922 5 0
149 1 180 1 1223 2
1312 2 1171
1 1432 6
846
5 0
920 6 1120
4
442
7
665 1 254
4 146 2 204 4
55 7 952 1 998 4
1064 1 513 7 399 7 1040
2 690 1 1120 1 0
400 1 547
5 476 1 1019 7
746 6 783 1 1028 1 1215 1
679 1 567 5 674 2
0
222 8 76 8 1119 3 666
2
141 4 581 6
39 4 1078 2 1355 2 1368 6 764
1 0
609
2 833 1 468 8 1114 4 0
614 3 572 8
0
679 2 620 4 0
136 6
911 1 1069 8 1392 5 105
6
166 4 136 6 673 2 1171 5 1338 7 737 7 195 7 0
883 5 1020 4 1119 1 827 1 442 4 569
4
21 2 1181 8 1070 7 819 1 1107 5 1337 7 0
496 5 980 4 221 3 1418 3 1133 1 1414 1 0
502
7 556
4 1134
2 0
1307 4 660 2 161
6 405 6 1369 5
1053 4 629
5 500 1 80 5 182 3 1334
4 1249 4 192
7 0
589 3 521 7 1393
5 1025 5 859 4 611 5 322 7 494 3 572 2 1014
3 238
2 417 4 1218 5 1036 8 933 2 633 6 618 5
87 6 108
1 1383 2 815 1 144
1 1137 6 253 1 0
955 4 785 6 1240
4 500 1 621 2 745
2
1165 1 787 6 815 7
73 6 993 3
0
506 1 838 1 1063 3 611 6 747 7 1212 7 902 1 181
4 611 1
1419 5 688
8 1262 1 987 1 1296
8 0
133 8 1246 5 825 3 501
2 22 2 552 3 1369 2
1300 7 259 2
444 3 898 6 1194
3 414 4 760 1 1320 4 92 7 336
2 3 3 658
5 305
1 1188 1 0
284 5 486 4 333 8 114 2 1322 2
756 2 944 3 1374 1
830 5 73
5 1387 5
113 7 1165
1 840 7 197 5
45 2 388 4 0
223 1 0
83 1 1173 8 303 2
1101 3 0
618 6
385 4 918 1 655 6 637 1 767 4
301 7 52
1 262 4 500
1 1124 5 0
504 1 859 4 1289 6 512 4 593
6
777
4 303 3 210 1 187
3 663 2 644
7 627 2 713
1
345 5 73
7
0
1349 6
189 4
1153 4 1062 2
925
5 261 8 530 6 420 1 959 2 469 7
864 1 916 4 681 8 1375 3 490
6 186 7 0
176 7 630
4 53 3 501 7 980 4 1236 8
825 1 655 7 767 3 1236 6 1068
2
1225
5 790
1 74
3 0
816 1 1259 1 277
4
1090 7 1007 6 891 2 651 7 214 2 650 1 248 1 391 4
48 8 436 4 19 6 791 1 143 3 1060 7 0
1297 1 1096
4
206 3 1085 7 109 1 530 6 343 3 303 6
852 5 204
4 519 1
310
5 503 8 923 3 130 6 163 3 680
1 171 7 578
5 80 7 147 1 922 5 0
545
3 642
3 266 4 1290
1 934 8 914 1 751 1
0
1281 6 1096 3 103 1
571 8 1281 1 1291
2 102 7 1338 2 274
6 1050
7 0
1315 2 1198 5 1267 5 651 8 1072 1 135 6
1026 7 833 6 764
1 1247 1 1399 5 943 5 699 8 1110 6 749 2
339
5 215 1
792 6 1374 8 104 1 565
1
1133 5 608 3 0
1438 1 796
2 1364 6 1146 3 507
6 202 1 854 3 1237
4 711 5
1324 7 1173 2 1299 1 991 5 1048 7 302 7
434 8 247 7
762 8 329 8
1275 3 1064 3 1090 6 653 1 136 4 762 3
0
458 2 0
610 2 1408
6 754 5 769
8 1169
4 477
6 180 1 164 7 1339 3 0
229 6 1284
2 101 6
530
4 1269
4 236
7 0
511 1 761 7 344 6 1225 3 602 1 18 3
64
2
1358
1 929 1
1084 8 657 2 517 8 414
2 760 4 1255 6 1192 1 177
5 1417 7 492 6 1357 4 1126 4 785
7 1159 2 595 1 0
1088 3 404 6 918 3 1324 1 268 2
509 8 1319 3 1058 6 443
7 94 1 95 1 0
345 2 1401 1 745
4
0
1204 2 534 6 229 7 733 6 1350 7 299 5 870 2 1219 8 395 2 0
1421 8 1138 2 1336 5 1041 1 1356 7 1426 1 666 5 1429 4 303 6
1009
6 1394 3 1076 8 258 7
439 4 1028 4 747 5 710 6
771 7 1292 1 996
2 0
345
2 856
7 753 2 456
1 1135 2 45 1 20 8
203 1 1279 5 678 2 205 4 975 2 1059 6 527 1 1003
4 1264 1 159 2 463 4 234
7 888
2 1021
1
1335
3 292
3
996 7 0
143 7 1383 6
290 5 1371
1 202
7 871 4 5 2 642
1 702 1 385 4 919
7 269 5 0
715 5
0
381
6 1048 5 1073
7 0
234 1 812 4
658 6 603 3
390 2 485 1 828 2 1212 2
204 5 1023
7
675 8 1194 8
1384 3 305 7 578
4 0
1233 4 1275
1 65
3 184 4 443 4 1419 7 870 7 191
1 0
775 1 423 6 955 5
1270
2 826 3 1086 8 1043 4 1052 1 0
527 1 1093 2
200 1 806 7 1363
2 154 4 161 4 733 3 1108 3 1431 6
1341 3 369
8 514 1 1201 2 1364 4 763 2 552 7 674 4 401 7 0
1255 3
1109 8 0
1261 7 1094 3
1053 7 0
494
5 528 5 0
728 1 593 4 149 1
1199 3
1327
8 1050
1 976 1
744
6
1049 5
1150
7 808 7 1162 5 740 4 813 1 789 3
0
342
1
1026 7 160 3
996 7
589 4 218 4 1235 3
249 3 0
723 2 541
7
762 7 1157 6 636 5 258 1 1100 1
921 6
1428 7 65 4 825 8 388 6 0
559 4 65 4 809 7
661
1 1260 3 1365
1 1373 5 430 1 374 4 0
37 5 0
989 4 914 1
1270
1 630
4
1021 2 685 2 1313 8 24 7 1409 3 1017 6 0
1165 1 108
5 769 2
927 1
383 1
603 8 286 4 443
4
960 8 1234 5 1279 4 339 4 150 4 535 2 172 3 1268 4 808 2 0
1291 8 497 1 0
836
6
807
5 0
1049 1
793 6
690 3 484 6 184
7 1422 6
939 5 712 3 181 3 473
6 452
6 647 8 682 6 1119 4 657
1 762 1 0
801 2 154
8 1156 6 839 6 119
1 928 1 1130
2 341 2 340 3 969 5 1419 6 915 8 793
3
1152 7 783
7 95 4 1133
5 560 8 861 8 41 8 153 6 1163 4 1225 1 0
1019 3 1247 1
1159 6 610 4 1316
3 1185 1 1238 3 765 7 721 8 240
4 774 3 261 2
1338 2 204 2
1124 2 0
237 3 729 5 391 1 22
5 548 7
151 2 1215 2 824 3 191 1 821 1 629 2 539
3 1124
7 1088 3 732 1
321 7 357
8 1231 5 735 6 11
5 392 5
1095
5 0
1010 7
246 3
387 1 1277 8 122 7
732 3
514 7 158
1 637
8 415 6 865 1 279
3 1265 3 1362 3 569 6 519 2 1191 3
0
322 2
1012 2 178 5 17 2 618 2 505 1
208 8 403
1 1123 5 160 1 583 5 1112 2 862 7 709 1 1184
1
300
5 0
270 5
965 3 711 2 300 1 483
3 165
1 104 3 1190 6
1278 1 378 1 528 1 992 3
384 2 0
631 7 37
4 1279 2 800 4
1306 3
737
7 651 1 282 1 38 2
163 4
405 2 1024 7 185 6 466 3 727 1 1280
2 173 8 592 2 414 4 500 5 0
573
1
772 4 1287 7
822 1 1112 5 894 4
1204 4 204 1 118
4 1341
5 484 7 445
1
564 2
43 1 527 1 871
1 324 2
1033 8
0
1207 6 103 2 198 7 581 2
1184 5 1301 1 924 2 472 8
365 1 791 1 0
1363 7 21 3 859 6 885 4 765
2 191 1 672 3 756
1 1106
1 96 5 1439 5 1038
4 0
1242
3 224 6 1040 1 1034 5 964 7 39 2 240 1 0
618 2 143 5 571 1 443 5 785 4 518 8 31 1 831 2
130 4
311
5 0
1053 6 185 2 155
8 140 7 1397 1 141
4 860 7 414 1
62 6
0
1351 4
1009 1 515 4
1099 2 647 3
1245 3 562 3 218 6
532 1
1056 5
79
2 0
692 5 157 2 224 6 0

100 10080
1424 8 1215
11
263 4 0
645
1 229 10 1394
5 530 10
343
1 1186 9 1131 1 364 3 1388 11
1354 10 1356 1 1432
4 290 2
374
11
1327
6
40 10 437 1 1073 1 503 11 639 6 0
1158 1 913
9 1061 8 1210 10 1229
4 492
2 169 1 172 4 614 9
978 8 782 1 371
1
274 11 894
2 999 2 87 8 198 6 155 2 1220 1
421
2 876
1 0
305 1 317 6 824
11
887 2 57 9 1292 7
161
7 173 7 0
914 1 619 1 1254
1 510
8 1217
1 966
9 1050
10 1083 4 116 9 426 1
65
9 254 7
879 8 1218 1 1086 1 268 10 1358 8 941 4 1306 1
1173 1 0
1251 3 1102 2 18 10 923
5 1372 1 190 7 1219 2 1206 1 477 2
232 9
256 8 0
293 9 377 1
345 9 929 9 612 6 1020 10
743
3 1115
1 507 10 845 7 598 9
1297 3 179 1 907 11
1422 4 620 8 753 4
891
10
726 1 495 8 517 3 1024 1 0
753 1
293 6 261 5 898 8 869
8
1221
4 683 3 741
3
721 1 149 6 508
5 775
3
453
1
308 9 0
189 5
1095 7
842 2 1346 6 1384 5
1324 5 1179 2 620 3 440 8
396 1 1126 1 1158 7 431
10 1199 2 60 1 320 1 199 6 250 3 111 7 150 7 781 7 1407 1
232
5 0
760 6 732 5 354 3 144 8 1239
11 1101 4 578 8 1331
10 41 8 592 9 0
172 8 42 2
292 10 59 11 342 4 466 4 862 2 1020 5 180 1
604 3 1414 2
1107
5
894 4 1071 8 951 1 1033 2 0
518 3 467 8 127 4 312 10
1040 9 782
1 520 1 998 9
1421
8 1422 10
265 3 887 5 99 9 816 1 609
10
251 1
1230 5 578 10 900 11 716 6 1248 2 0
316 8 405 6
32 10 309 4 936 2 1347 4 48 3 0
1059 4
669 4 523 3
0
432 1 1303 7
866 6
1413 11 30
1 759
2 715 7 0
1120 1
367 1 643
6 991 11 791 3 400
2 403 10 302 7 32 1 1001
2
300 1 465
2 531 6 816 1 482 7 1065 6 299 1 1020 1 38
9 420
2 731 3
0
503 10 840 1 6 1 1192
3
129 1 93 6
990 6 764 1 829
1
679
1 1407 1 397 10 982
7 687 9
0
569 11
1036 7 1 2
1261 1
1105 4 1254 10 556 4 643 1 248 10 1154 7 0
1158 2 235 2
961 1 464 9 366 4 577 10 192 1 0
1400 3 182 1 1407 1 404 8
431 4 133 1 234 5
904
5 99 6
674 6 1395 9 0
869 5 1229
4
379 2 277 4 0
1368 5 830 2
502
10 629
9 769
8 724 11 9 4 60 10 160 5 411 10 1317 9 1143 2 1117 1 1021
5 1001 11 948 8 414 5 0
475 10
79 9 644
5 329 1 404 10 1096 9 568 11 137 6 1061 5 1035 5
804
6 1121 1
624 3
883
9
1111 7 499 3
1050 10 224 7 565
5
1139 2 676 4
913 1 145 3 1408 6 0
589
5 1113 2 1049 8 855 8
533 8 1287
8 585 6 1059 3
0
1213 2
189
9 1298
1 1108
2 1308 5
907
5 1010 6
1081 5 944 7 1307 3 736 7 0
1271 5 464 4 1369 1 1140
1 894 1 548 2 331
4 1053 1 705 4 158 2
1418 4 695 3
395 5 0
1031 7 1226 5 533
11 728 1 26
2 838
9
451 4 593
1
816 10 0
623 4 1272 1 618 7 853
1 1308 10 1027 3 1213 4 459 6 972 3 449 2 1046 3 1411 10 1125 8 824
3 624 1 571 5
874 7 302 7 1129 2 666
7 111 8 628
1 930
7
1053
1 0
1074 1 1324
4 510
4 1166 7 502 7 497 1 212
1 245 2 1107 6 702 6 107 4 812
1 441 3 402 1 502 8 1113 5 464 2 1266 7 1117
9 107 2 1002 1 1191
4
558
8
0
189 4
0
249 8 1334 10 1254 8
476 7 542 5 953 10 54 5 418 7 800 3 1379
2 164 10 511 9 143 5 253 1 472 10 277 1 79 2
773 9 623 1 589 5 294
3 622 6 2 4
0
664 2 251 4 123
1 169 3
0
1153 4
876 5 890 8 950 5 227 8 954 5 745 9 951 9 75 6 0
1437 7 0
988
6
1046 5 148
10 1128 11 1217 4 116 9 178 7 869
6 290
5 1223 4 1397 6 1182 3 174 3 303
9 81 3 0
1335 8
554 10 103 2 605 3 460 1
325 3 89 4 1347
1 51 10 506 7 1068 9
1272
1 0
181 3 0
934 1
1334
1 1383
7 885 8 601 2 960
4 404 10 1071 1 981 5 522 6 1180
2 248 8 708 10
0
404 3 1132 5
1341 8
500 6 1242 9
154 2
1371 6 974 10 943
8 1404
5 100
1 747 4 786
4 591 8 637 2
115
1 360 2 1393 1
1221 5 1294 8 41
1 1167 9 262
4 204 11 0
252 2 1080 7 992
10 1142 6 621
8 0
44 9 1042 9 544
10 402 8 581 2 892 2 434 4 1417 1
178 4 1355 6 512 3 276
1 1145 1 129 4 709 8 594 5 1098 4 265 1 604 2 578 2
0
361 8 1410
1 1229 1 1438 4 91
1
220 5 1165
10
368
9 1014 1 1055
4 834 2 340 5 1154 3 311 5
1156 1
625 6
0
877 3 342 3 163 1 474 6 934 1 1426
2 451 8 1197 9 1051
1 1399 8
326 10 180 5 3 2 0
555 1 136 5
251 8 68 2 666 7 302 4 984
7 484 1 1427
4
631 1 1122 10 747
3 702 2 196 4 1121
1
1014
9 316 9 94 3 0
239 2 1344
9 616 11
1249 9 1311 7
1122 2 128 1 269 7 824 7 63 4 1396 6 234 8
421 1
956 1 411
8 22 9 307 1 0
656 10 361 11 743
10 225 6 37 9
5 1 159 6 1212 6 812 1 390
4 175 7 394
9 706 5 1300 9
499 7
387
5 987 7 964
8 538 1 870 10
710 6 1427 4 1270
6
307
11 0
912 3 864
1
198 7
964 5
426 1 449 7 1319 6 1099 6 443 1 1267
10
1281 1 333 7 633 3 87 1 976 10 0
638 4 1347 1
0
222 8
798 8
741
9 1317 7
1272 7 0
1085 7
705 5 991 8 663 2 992 11 370 8
629 1 618 7
106 3 1212 2 755 2 1350 4 1243 5
209 3 29 4 249 7 367 9
1145
7 1400 3 422 6
0
22 3 810 3 354 1 0
455 3
857
1 657
1 14 5 743 6 1310 4 153 1 464 2 1089 8 0
1286 1 922 1 575 5
162 10 959 1 1049 2 126 8 930
3 967 6 513 3 125 9
198 1 636
8
90 1
1219 9 1438
1 802 11 0
425 2
660 3
0
96 8 1152 8 1324 9 140 9
763 8 398 9 1426 4 280 10 322 1
548 11 596 1 1012 7 248 8 0
800 1 1153 7 602 7
0
925 9 1025 5 1057
6 584 8
214 8 1426
3 1271 10 518 9
522 7
1235
9 388 11 26 9
785 8 1061
1 1153 5
1312 1 1311 4 1280
4
661 9 23 7 291 1 601
6 139
4
407 3
0
909 2 463 2 316 7 510 1 470
1 841 6 1051 10 1225
7 0
1207 4 702
5
964 6 595 2 569 1 358 5 704 7 522
6 587 4 1353 1 282 5 1309 1 608
1 989 5
399
8 447 9 369 7
194 9 506 10 68 6 90 1 206 10 1136 1
1407 9 243 4 0
339 5 831 6 460
7 0
548
9 722 11 1048 5 254 11 1353
9 0
565
4 1040 1 896 8 150
2 8 5 338
1 1420 9
828 8 779
11 1109
7 405 1 563 1 101 3 841 2 293 7 0
571 10 1017
2 1149 1
1066 6
732 1
408 7 858 11 1325 11 700 9
0
72 9 0
7 3 689 5 1305 1 752 9 275 2
83 1 1295
10 1356 8 56
5 1249 1 1072
4 1049
8 