4 3
0.0 0.25 0.5 0.666666666666666666667
4 4
0.0 0.25 0.5 0.75
30 15
0.00 0.03 0.06 0.09 0.12 0.15 0.18 0.21 0.24 0.27
0.30 0.33 0.36 0.39 0.42 0.45 0.48 0.51 0.54 0.57
0.61 0.64 0.66 0.69 0.72 0.75 0.78 0.81 0.84 0.87
40 20
0.351 0.353 0.355 0.357 0.359 0.361 0.363 0.365 0.367 0.369
0.371 0.373 0.375 0.377 0.379 0.381 0.383 0.385 0.387 0.389
0.611 0.613 0.615 0.617 0.619 0.621 0.623 0.625 0.627 0.629
0.631 0.633 0.635 0.637 0.639 0.641 0.643 0.645 0.647 0.649
3 3
0.624758 0.647584 0.804952
3 3
0.779212 0.837921 0.876375
3 3
0.163748 0.412434 0.892055
3 3
0.261639 0.505755 0.796676
3 3
0.090610 0.851606 0.865903
3 3
0.463585 0.506255 0.534377
3 3
0.074274 0.357878 0.419604
3 3
0.025215 0.244597 0.615571
3 3
0.367582 0.451759 0.778664
3 3
0.013638 0.088167 0.170067
3 3
0.376183 0.629675 0.921499
3 3
0.127184 0.447904 0.656870
3 3
0.406130 0.650616 0.892631
3 3
0.871496 0.939849 0.989807
3 3
0.235973 0.295094 0.759261
3 3
0.506027 0.900141 0.929667
3 3
0.466187 0.493899 0.685284
3 3
0.335140 0.545173 0.871881
3 3
0.285220 0.845596 0.998069
3 3
0.032083 0.475795 0.724386
3 3
0.435925 0.544268 0.831996
3 3
0.192600 0.792825 0.856408
3 3
0.012246 0.157415 0.305654
3 3
0.411747 0.461497 0.492632
3 3
0.661152 0.813854 0.878114
3 3
0.108967 0.471970 0.699947
3 3
0.295106 0.375379 0.659261
3 3
0.333084 0.610091 0.672661
3 3
0.680388 0.783937 0.903343
3 3
0.477665 0.909071 0.975369
4 3
0.624758 0.647584 0.804952 0.927527
4 3
0.237637 0.349205 0.776375 0.791243
4 3
0.261639 0.522188 0.796704 0.892055
4 3
0.165638 0.276539 0.423343 0.634561
4 3
0.527455 0.547369 0.767517 0.921369
4 3
0.010049 0.635847 0.757199 0.776140
4 3
0.331380 0.517138 0.592090 0.765345
4 3
0.397992 0.680644 0.864318 0.903840
4 3
0.122578 0.129332 0.546072 0.637893
4 3
0.246807 0.497455 0.747128 0.772720
4 3
0.214214 0.285298 0.721599 0.734919
4 3
0.184703 0.274793 0.425313 0.583001
4 3
0.161839 0.370957 0.773958 0.924727
4 3
0.417298 0.424344 0.427957 0.877712
4 3
0.026856 0.089057 0.103125 0.789438
4 3
0.293031 0.651129 0.800550 0.811419
4 3
0.199765 0.566454 0.912613 0.945126
4 3
0.050249 0.348257 0.593354 0.950641
4 3
0.033197 0.507090 0.579846 0.724579
4 3
0.253408 0.304262 0.527695 0.958258
4 3
0.009047 0.189616 0.642634 0.710852
4 3
0.084722 0.203311 0.579834 0.743328
4 3
0.065338 0.317783 0.461012 0.959996
4 3
0.240948 0.267196 0.755108 0.961108
4 3
0.279666 0.496803 0.552767 0.750563
4 3
0.090875 0.282007 0.524131 0.592690
4 3
0.160387 0.340872 0.346065 0.495639
4 3
0.396936 0.766794 0.810229 0.941524
4 3
0.005864 0.646568 0.738198 0.926826
4 3
0.340836 0.553459 0.889906 0.910433
4 3
0.595483 0.745681 0.757156 0.880760
4 3
0.138632 0.442543 0.464542 0.788508
4 3
0.156797 0.479673 0.749191 0.848950
4 3
0.263198 0.481997 0.628724 0.656149
4 3
0.241207 0.485977 0.522400 0.528055
4 3
0.396103 0.535382 0.713672 0.899723
4 3
0.175646 0.303470 0.748235 0.781911
4 3
0.374284 0.605150 0.743459 0.939038
4 3
0.089871 0.235595 0.500284 0.742256
4 3
0.467639 0.599736 0.762081 0.873760
4 3
0.005899 0.208232 0.213354 0.563390
4 3
0.193424 0.738666 0.876305 0.908828
4 3
0.058231 0.083586 0.414236 0.962662
4 3
0.240380 0.263691 0.332188 0.366030
4 3
0.177958 0.356802 0.458255 0.742176
4 3
0.486157 0.560690 0.579940 0.854663
4 3
0.236152 0.369796 0.628087 0.933131
4 3
0.418340 0.433594 0.637663 0.738768
4 3
0.050007 0.209255 0.374521 0.739786
4 3
0.043689 0.213218 0.273673 0.316362
4 3
0.016631 0.069658 0.105980 0.370507
4 3
0.027366 0.051271 0.402028 0.955485
4 3
0.351126 0.592689 0.629986 0.892369
4 3
0.375164 0.378178 0.434452 0.883087
4 3
0.202663 0.639934 0.909417 0.986635
4 3
0.185285 0.336498 0.374375 0.653775
4 3
0.209112 0.306050 0.605920 0.687390
4 3
0.013357 0.014511 0.199941 0.956878
4 3
0.050313 0.247441 0.466757 0.670047
4 3
0.054369 0.081683 0.246396 0.297366
4 3
0.081237 0.148911 0.412937 0.871982
4 3
0.161131 0.247502 0.513657 0.642863
4 3
0.231125 0.414517 0.503318 0.797128
4 3
0.146474 0.304689 0.373275 0.778279
4 3
0.049423 0.153346 0.470374 0.797024
4 3
0.225084 0.497562 0.840941 0.904217
4 3
0.181703 0.543986 0.785884 0.863628
4 3
0.122932 0.305265 0.480289 0.792305
4 3
0.036110 0.280656 0.489852 0.695423
4 3
0.217574 0.626996 0.867283 0.885813
4 3
0.386433 0.396353 0.507546 0.718585
4 3
0.085710 0.397890 0.748790 0.908766
4 3
0.122299 0.504312 0.805012 0.978587
4 3
0.058044 0.089871 0.381456 0.532929
4 3
0.628097 0.714356 0.848632 0.994587
4 3
0.194453 0.312123 0.723699 0.909958
4 3
0.128522 0.269472 0.860083 0.886846
4 3
0.157357 0.444326 0.490246 0.897283
4 3
0.052786 0.154114 0.308271 0.324750
4 3
0.203914 0.281628 0.645575 0.672971
4 3
0.086752 0.226707 0.357857 0.979031
4 3
0.086438 0.271936 0.666364 0.898194
4 3
0.081750 0.254660 0.481354 0.912562
4 3
0.166639 0.294148 0.670613 0.696018
4 3
0.044565 0.343121 0.503481 0.708537
4 3
0.291706 0.311459 0.339832 0.981020
4 3
0.242112 0.535970 0.836452 0.991973
4 3
0.158758 0.353754 0.595738 0.932868
4 3
0.238534 0.308751 0.435693 0.801788
4 3
0.269387 0.289617 0.435135 0.493985
4 3
0.005743 0.101789 0.914020 0.991441
4 3
0.032708 0.626581 0.644615 0.941036
4 3
0.824256 0.832372 0.927490 0.965675
4 3
0.001757 0.362507 0.723578 0.921006
4 3
0.037836 0.088016 0.338849 0.508388
4 3
0.186865 0.325439 0.386724 0.848164
4 3
0.016714 0.220344 0.228851 0.340768
4 3
0.364295 0.546777 0.650074 0.691849
4 3
0.652907 0.655289 0.690920 0.890662
4 3
0.406678 0.478670 0.773223 0.956289
4 3
0.050216 0.066561 0.577394 0.725466
4 3
0.108609 0.370814 0.530551 0.816751
4 3
0.155831 0.176134 0.347801 0.811170
4 3
0.333362 0.715545 0.741134 0.970985
4 3
0.067485 0.536788 0.756109 0.994198
4 3
0.218426 0.460570 0.565460 0.730245
4 3
0.243670 0.674907 0.879132 0.880487
4 3
0.155148 0.603603 0.819774 0.850996
4 3
0.005272 0.520827 0.698608 0.814126
4 3
0.182936 0.295990 0.584829 0.609085
4 3
0.000361 0.260711 0.783773 0.813069
4 3
0.584663 0.612440 0.846121 0.918451
4 3
0.028712 0.556407 0.813680 0.919868
4 3
0.172454 0.191131 0.409468 0.837999
4 3
0.019154 0.318777 0.744093 0.810701
4 3
0.025624 0.161871 0.414523 0.425188
4 3
0.314092 0.415134 0.769089 0.916104
4 3
0.216709 0.435246 0.687254 0.966200
4 3
0.020010 0.141476 0.365626 0.847471
4 3
0.040216 0.070858 0.830163 0.958722
4 3
0.186052 0.207393 0.210664 0.836189
4 3
0.399975 0.413735 0.503280 0.655457
4 3
0.001689 0.295200 0.306658 0.766288
4 3
0.025173 0.111817 0.563531 0.801119
4 3
0.191057 0.239117 0.875739 0.935764
4 3
0.057120 0.096385 0.535188 0.935416
4 3
0.140271 0.282781 0.377121 0.587437
4 3
0.231771 0.481297 0.690326 0.758218
4 3
0.660931 0.865579 0.867623 0.949251
4 3
0.371611 0.601157 0.785098 0.964640
4 3
0.272901 0.769354 0.819216 0.916091
4 3
0.417905 0.425254 0.499791 0.819131
4 3
0.112402 0.328617 0.368344 0.528752
4 3
0.210142 0.245262 0.698196 0.905111
4 3
0.098208 0.122391 0.530213 0.922272
4 3
0.247513 0.456844 0.543415 0.838088
4 3
0.177114 0.586204 0.623909 0.837318
4 3
0.230218 0.246544 0.267576 0.766117
4 3
0.184751 0.457741 0.656400 0.674571
4 3
0.497549 0.552119 0.832131 0.979620
4 3
0.121674 0.235700 0.302316 0.385042
4 3
0.226724 0.421502 0.499258 0.762982
4 3
0.373600 0.435602 0.480790 0.530115
4 3
0.258549 0.648624 0.770374 0.781155
4 3
0.366390 0.713041 0.823670 0.973676
4 3
0.032164 0.097600 0.256939 0.482287
4 3
0.371715 0.468332 0.754006 0.831264
4 3
0.086462 0.319691 0.458221 0.865170
4 3
0.265678 0.588317 0.619289 0.954587
4 3
0.066453 0.239652 0.409324 0.759710
4 3
0.275105 0.502061 0.663922 0.948103
4 3
0.187721 0.369164 0.385074 0.939237
4 3
0.483526 0.566012 0.694462 0.934707
4 3
0.204423 0.836661 0.842148 0.916482
4 3
0.456164 0.844482 0.911675 0.988139
4 3
0.096796 0.384661 0.609768 0.785196
4 3
0.359716 0.410701 0.417641 0.640934
4 3
0.043985 0.235241 0.570523 0.843586
4 3
0.262434 0.549571 0.844675 0.875716
4 3
0.124600 0.385882 0.422048 0.966171
4 3
0.157787 0.424480 0.640674 0.839588
4 3
0.393708 0.432360 0.743994 0.944573
4 3
0.159533 0.222227 0.410042 0.971792
4 3
0.053385 0.585077 0.843378 0.875769
4 3
0.041528 0.091573 0.875736 0.888929
4 3
0.417897 0.751664 0.900956 0.980537
4 3
0.154237 0.643799 0.705716 0.735829
4 3
0.082865 0.269921 0.285847 0.817995
4 3
0.096297 0.583677 0.668077 0.726736
4 3
0.403086 0.494474 0.878812 0.938631
4 3
0.234774 0.305919 0.741000 0.908345
4 3
0.009644 0.357416 0.415590 0.625406
4 3
0.047557 0.492355 0.624667 0.816061
4 3
0.409854 0.715305 0.731906 0.859895
4 3
0.370258 0.714222 0.944446 0.987758
4 3
0.177294 0.215126 0.586891 0.837690
4 3
0.118983 0.271651 0.526148 0.614248
4 3
0.031556 0.459396 0.601884 0.844753
4 3
0.425905 0.574936 0.667428 0.766988
4 3
0.020341 0.038659 0.528880 0.640124
4 3
0.787951 0.789529 0.830186 0.958070
4 3
0.299891 0.603997 0.683801 0.970686
4 3
0.019908 0.024545 0.383256 0.691312
4 3
0.011795 0.053758 0.171867 0.737618
4 3
0.111226 0.133257 0.563802 0.659879
4 3
0.155811 0.348639 0.382090 0.823658
4 3
0.528755 0.651961 0.777858 0.933554
4 3
0.106361 0.372906 0.388373 0.500465
4 3
0.240181 0.392666 0.817344 0.981691
4 3
0.319391 0.416662 0.512360 0.624002
4 3
0.352431 0.439524 0.463120 0.797421
4 3
0.709503 0.825992 0.933773 0.991108
4 3
0.259083 0.625790 0.721026 0.776611
4 3
0.002921 0.724136 0.730256 0.981509
4 3
0.265736 0.621445 0.647995 0.741862
4 3
0.049131 0.242532 0.272927 0.667970
4 3
0.367031 0.697548 0.904434 0.952362
4 3
0.311120 0.352089 0.404884 0.553485
4 3
0.112575 0.349384 0.471707 0.708169
4 3
0.088589 0.162851 0.632729 0.789112
6 3
0.479682 0.624758 0.647584 0.703299 0.804952 0.927527
6 3
0.023278 0.193407 0.384109 0.544444 0.596941 0.998411
6 3
0.026561 0.217698 0.220568 0.265878 0.369407 0.582216
6 3
0.030936 0.112294 0.226018 0.564829 0.574702 0.876563
6 3
0.023930 0.043021 0.065123 0.183025 0.352784 0.364275
6 3
0.071640 0.197210 0.315019 0.428464 0.669091 0.983579
6 3
0.002596 0.215999 0.310781 0.555996 0.622400 0.925812
6 3
0.062859 0.305592 0.457477 0.670415 0.750884 0.796208
6 3
0.263280 0.489545 0.545080 0.658951 0.702053 0.952340
6 3
0.245027 0.258956 0.334945 0.611266 0.911403 0.960546
6 3
0.095495 0.189083 0.250678 0.787751 0.812365 0.950490
6 3
0.141332 0.266230 0.447568 0.517983 0.705890 0.745649
6 3
0.102050 0.120649 0.361670 0.505134 0.541246 0.943259
6 3
0.027123 0.049721 0.110644 0.637111 0.781466 0.901687
6 3
0.150033 0.330875 0.523220 0.659304 0.963208 0.987621
6 3
0.114494 0.155453 0.233168 0.404852 0.614537 0.844726
6 3
0.087442 0.103787 0.653423 0.679730 0.713465 0.846986
6 3
0.212615 0.233342 0.281703 0.284152 0.562855 0.843533
6 3
0.105509 0.173977 0.181403 0.608790 0.650238 0.818784
6 3
0.027234 0.207453 0.383590 0.446400 0.904386 0.935205
6 3
0.262648 0.316509 0.369322 0.506791 0.584042 0.695477
6 3
0.060839 0.103584 0.179881 0.586500 0.751186 0.877082
6 3
0.323606 0.456866 0.571599 0.663881 0.754081 0.857795
6 3
0.025356 0.104424 0.337126 0.412679 0.669201 0.848650
6 3
0.043139 0.157038 0.396543 0.692750 0.702250 0.797733
6 3
0.016891 0.195639 0.199396 0.432454 0.718881 0.915570
6 3
0.042056 0.204375 0.505494 0.673361 0.754747 0.926449
6 3
0.473587 0.490505 0.594306 0.601743 0.688804 0.926330
6 3
0.042948 0.516040 0.597997 0.627449 0.820480 0.894704
6 3
0.022508 0.023693 0.187911 0.213030 0.394333 0.399159
6 3
0.095905 0.285625 0.290182 0.524571 0.534233 0.654860
6 3
0.027955 0.056545 0.172657 0.245678 0.471068 0.502016
6 3
0.008690 0.348354 0.529958 0.911436 0.921067 0.959167
6 3
0.068677 0.107159 0.463818 0.733316 0.920282 0.951184
6 3
0.164439 0.295622 0.496192 0.587847 0.784906 0.851955
6 3
0.053548 0.293893 0.525237 0.706229 0.711699 0.992218
6 3
0.294421 0.312219 0.348938 0.492231 0.495383 0.561784
6 3
0.190802 0.211813 0.265269 0.486618 0.504201 0.968539
6 3
0.301818 0.312690 0.435032 0.602286 0.675413 0.842107
6 3
0.223756 0.466301 0.889468 0.892775 0.910778 0.959617
6 3
0.023780 0.216224 0.256885 0.261181 0.297256 0.574147
6 3
0.476802 0.603761 0.734864 0.847687 0.954025 0.954657
6 3
0.022843 0.123623 0.393084 0.446161 0.621313 0.903835
6 3
0.139496 0.150669 0.365347 0.706345 0.855243 0.873366
6 3
0.147443 0.153557 0.256300 0.455769 0.608761 0.854933
6 3
0.110629 0.185655 0.777513 0.784176 0.885323 0.965239
6 3
0.299920 0.478303 0.696756 0.840906 0.859514 0.888392
6 3
0.068202 0.119378 0.186258 0.425865 0.675125 0.834194
6 3
0.058797 0.127838 0.497102 0.847192 0.957122 0.961944
6 3
0.191880 0.444538 0.459497 0.546017 0.773340 0.866023
6 3
0.005111 0.236486 0.475465 0.478202 0.688006 0.771692
6 3
0.002908 0.176756 0.196668 0.491461 0.745097 0.959324
6 3
0.374590 0.384495 0.553561 0.596250 0.728641 0.734861
6 3
0.033347 0.168060 0.276955 0.428006 0.887823 0.891033
6 3
0.033529 0.611254 0.777871 0.845245 0.928832 0.942497
6 3
0.056791 0.217080 0.330670 0.515246 0.817379 0.893366
6 3
0.109667 0.390638 0.433551 0.763585 0.880501 0.991916
6 3
0.472423 0.521439 0.595822 0.605540 0.619295 0.905369
6 3
0.043690 0.307502 0.368649 0.424899 0.632762 0.659248
6 3
0.149083 0.223409 0.340694 0.398884 0.622546 0.801915
6 3
0.018236 0.035034 0.066545 0.278441 0.762829 0.883689
6 3
0.001263 0.130965 0.230707 0.506542 0.787294 0.822464
6 3
0.250927 0.533725 0.722180 0.740755 0.823163 0.964903
6 3
0.553624 0.617433 0.714783 0.759754 0.780525 0.861197
6 3
0.056775 0.111837 0.183498 0.478741 0.813294 0.941196
6 3
0.065544 0.145158 0.243064 0.289121 0.336313 0.752395
6 3
0.176832 0.219724 0.675372 0.682845 0.900697 0.981044
6 3
0.536451 0.705338 0.715620 0.786869 0.841168 0.842330
6 3
0.194591 0.225708 0.545265 0.657636 0.702799 0.834969
6 3
0.151329 0.269519 0.305213 0.404302 0.728869 0.983199
6 3
0.186952 0.433828 0.515697 0.714998 0.759762 0.863991
6 3
0.087229 0.120752 0.186487 0.325914 0.503414 0.648086
6 3
0.102820 0.435152 0.612782 0.649235 0.816983 0.980263
6 3
0.005674 0.103913 0.392954 0.543566 0.886095 0.950910
6 3
0.027751 0.152368 0.267396 0.588822 0.739652 0.745331
6 3
0.220056 0.220221 0.549966 0.550845 0.836897 0.992642
6 3
0.093134 0.197934 0.654731 0.700895 0.711429 0.905509
6 3
0.006705 0.110100 0.203589 0.249349 0.435968 0.980323
6 3
0.315583 0.414215 0.666509 0.808853 0.810002 0.860018
6 3
0.509042 0.609768 0.657781 0.777760 0.855775 0.881246
6 3
0.073111 0.281231 0.500711 0.637626 0.701059 0.970359
6 3
0.183170 0.540589 0.553750 0.837192 0.917609 0.968943
6 3
0.178694 0.228458 0.412990 0.545445 0.647106 0.771526
6 3
0.012185 0.082075 0.233693 0.314214 0.558079 0.764485
6 3
0.059468 0.119486 0.218743 0.306186 0.346554 0.356373
6 3
0.211709 0.311559 0.558954 0.623316 0.721744 0.993780
6 3
0.036465 0.632391 0.816057 0.835834 0.940090 0.948405
6 3
0.246108 0.249102 0.573879 0.616074 0.921411 0.999764
6 3
0.445407 0.765170 0.816296 0.876201 0.891789 0.923903
6 3
0.039676 0.401859 0.410359 0.678911 0.687913 0.868909
6 3
0.122332 0.180722 0.264820 0.379090 0.621825 0.757594
6 3
0.204724 0.282691 0.339368 0.359278 0.810488 0.863238
6 3
0.027334 0.116653 0.128969 0.261195 0.734619 0.934692
6 3
0.018200 0.108905 0.228946 0.323992 0.422724 0.523306
6 3
0.042871 0.126608 0.189440 0.341681 0.812820 0.834444
6 3
0.043262 0.229859 0.230192 0.321189 0.748844 0.902715
6 3
0.116512 0.284319 0.342426 0.904124 0.928121 0.992519
6 3
0.346588 0.396161 0.406749 0.561331 0.710693 0.800724
6 3
0.133265 0.375798 0.391141 0.678908 0.821474 0.956506
6 3
0.185366 0.238370 0.269776 0.756875 0.765665 0.842696
6 3
0.012777 0.192089 0.676423 0.713284 0.774142 0.897799
6 3
0.212385 0.368709 0.372242 0.536262 0.610771 0.816586
6 3
0.019420 0.284792 0.290438 0.525811 0.757100 0.906230
6 3
0.132970 0.551258 0.570885 0.582786 0.810320 0.962698
6 3
0.162234 0.199544 0.544669 0.782497 0.813588 0.848991
6 3
0.009847 0.139043 0.461296 0.556468 0.743444 0.758954
6 3
0.033308 0.248528 0.263441 0.613450 0.780557 0.783945
6 3
0.229528 0.317998 0.400377 0.404427 0.426935 0.653984
6 3
0.204702 0.238091 0.309969 0.504936 0.927845 0.972415
6 3
0.022929 0.047364 0.145244 0.173457 0.238891 0.283870
6 3
0.005784 0.045941 0.332337 0.518298 0.809097 0.879883
6 3
0.003506 0.202009 0.601175 0.683755 0.704442 0.736833
6 3
0.022175 0.469753 0.505500 0.664902 0.729225 0.827756
6 3
0.161957 0.220119 0.450887 0.492734 0.507515 0.592141
6 3
0.112273 0.489176 0.746706 0.782280 0.874054 0.890414
6 3
0.066527 0.076251 0.147268 0.211770 0.464802 0.681952
6 3
0.392698 0.631025 0.781317 0.918517 0.936047 0.983061
6 3
0.185940 0.203365 0.488781 0.738220 0.889548 0.988734
6 3
0.015145 0.414315 0.463562 0.539373 0.721773 0.887380
6 3
0.054217 0.256202 0.560696 0.762648 0.885840 0.968502
6 3
0.152943 0.257006 0.284673 0.533478 0.654424 0.823994
6 3
0.181462 0.467997 0.471620 0.523319 0.621640 0.796855
6 3
0.019371 0.115766 0.378860 0.519070 0.648359 0.946201
6 3
0.301767 0.348532 0.440889 0.523355 0.608969 0.737863
6 3
0.011000 0.318384 0.391019 0.402055 0.602820 0.836609
6 3
0.013001 0.136302 0.213389 0.285034 0.521448 0.957930
6 3
0.012694 0.097199 0.554902 0.589798 0.617769 0.822072
6 3
0.171320 0.193705 0.410529 0.586344 0.820649 0.868935
6 3
0.146099 0.267059 0.318113 0.529747 0.838414 0.972124
6 3
0.209693 0.291016 0.324518 0.707323 0.737888 0.975724
6 3
0.028637 0.770849 0.785683 0.837540 0.905105 0.915249
6 3
0.100284 0.166776 0.398410 0.694371 0.800179 0.907910
6 3
0.060122 0.172685 0.475495 0.592460 0.635195 0.913382
6 3
0.137874 0.160637 0.589068 0.705966 0.746392 0.805079
6 3
0.271825 0.496666 0.656012 0.725556 0.876986 0.930700
6 3
0.073435 0.112649 0.160430 0.243144 0.790963 0.808107
6 3
0.179076 0.195028 0.446851 0.626939 0.646397 0.717331
6 3
0.094870 0.164324 0.412109 0.666330 0.800336 0.818080
6 3
0.014921 0.275086 0.301656 0.453844 0.938761 0.990166
6 3
0.006316 0.218098 0.384646 0.526645 0.791804 0.886014
6 3
0.080190 0.500756 0.637974 0.697571 0.796650 0.894165
6 3
0.531284 0.550776 0.644844 0.813428 0.866205 0.988186
6 3
0.309742 0.323689 0.476048 0.691465 0.744106 0.889658
6 3
0.152535 0.515344 0.563989 0.684300 0.830558 0.946753
6 3
0.394033 0.474648 0.605568 0.611016 0.637277 0.896018
6 3
0.024970 0.034755 0.179377 0.291124 0.551909 0.568775
6 3
0.030954 0.046259 0.265665 0.346524 0.879915 0.939226
6 3
0.408735 0.569501 0.613599 0.650516 0.921033 0.962545
6 3
0.219567 0.408669 0.490124 0.735717 0.833194 0.847231
6 3
0.114124 0.312881 0.393770 0.572453 0.908571 0.985557
6 3
0.286895 0.416725 0.569888 0.748457 0.808652 0.953175
6 3
0.040729 0.077705 0.094323 0.446654 0.661336 0.788652
6 3
0.170432 0.612997 0.688791 0.734339 0.824607 0.972501
6 3
0.027684 0.129116 0.178680 0.695153 0.852048 0.907295
6 3
0.061672 0.247350 0.330489 0.340932 0.353145 0.840499
6 3
0.347126 0.660731 0.699629 0.714840 0.865570 0.929890
6 3
0.141642 0.401935 0.403540 0.403679 0.616764 0.643032
6 3
0.045380 0.103766 0.409757 0.654577 0.738612 0.914965
6 3
0.115701 0.334123 0.378381 0.664957 0.787014 0.819539
6 3
0.026793 0.033432 0.143582 0.410298 0.651739 0.758353
6 3
0.036102 0.153052 0.464531 0.502761 0.632065 0.913963
6 3
0.029942 0.286883 0.312677 0.324208 0.394031 0.913342
6 3
0.137367 0.463443 0.488357 0.594131 0.723144 0.922853
6 3
0.063787 0.383364 0.398792 0.722667 0.775544 0.998262
6 3
0.495815 0.514833 0.632998 0.694835 0.696064 0.806617
6 3
0.185789 0.519760 0.543225 0.713854 0.729369 0.763510
6 3
0.055792 0.090204 0.638880 0.767084 0.947206 0.997910
6 3
0.179138 0.481808 0.613380 0.655035 0.675832 0.842241
6 3
0.061279 0.502050 0.658315 0.881474 0.881841 0.930468
6 3
0.133946 0.256464 0.275109 0.429830 0.553046 0.961573
6 3
0.096882 0.275659 0.367564 0.461182 0.492508 0.538286
6 3
0.111971 0.146691 0.277276 0.320581 0.396080 0.821903
6 3
0.013306 0.178912 0.436239 0.529109 0.833667 0.969188
6 3
0.170037 0.424822 0.475284 0.785979 0.896192 0.963567
6 3
0.195786 0.351265 0.524292 0.576173 0.756199 0.941471
6 3
0.008832 0.228614 0.238019 0.538588 0.912974 0.972042
6 3
0.127754 0.465652 0.481453 0.834867 0.906019 0.963639
6 3
0.037464 0.154305 0.534797 0.868391 0.919440 0.996145
6 3
0.023927 0.241774 0.312275 0.342221 0.663258 0.776282
6 3
0.193846 0.332650 0.512732 0.539194 0.577156 0.670185
6 3
0.185501 0.408424 0.509637 0.601758 0.890925 0.918835
6 3
0.592441 0.615555 0.807520 0.843520 0.879164 0.993835
6 3
0.347895 0.437183 0.443775 0.691882 0.859892 0.923290
6 3
0.348236 0.409378 0.721780 0.726931 0.838933 0.861818
6 3
0.066096 0.152331 0.772638 0.795082 0.843582 0.978688
6 3
0.116540 0.127422 0.384212 0.456456 0.577362 0.693931
6 3
0.246655 0.632732 0.736114 0.796106 0.862395 0.928281
6 3
0.032921 0.254878 0.469665 0.770167 0.781359 0.886129
6 3
0.092971 0.301146 0.384021 0.649671 0.727430 0.978357
6 3
0.119608 0.172485 0.208947 0.420087 0.628002 0.701070
6 3
0.146950 0.339944 0.515795 0.725319 0.737896 0.820710
6 3
0.269339 0.303878 0.415814 0.557838 0.678848 0.763706
6 3
0.030624 0.432749 0.451655 0.706921 0.785641 0.831986
6 3
0.024538 0.027139 0.294703 0.353169 0.396604 0.678646
6 3
0.134171 0.268470 0.296805 0.595849 0.788574 0.927413
6 3
0.145064 0.245888 0.440231 0.658306 0.843299 0.944883
6 3
0.447448 0.571268 0.622743 0.874459 0.927975 0.975864
6 3
0.052165 0.379599 0.575840 0.852489 0.958547 0.990226
6 3
0.082598 0.133388 0.253128 0.497269 0.704213 0.836432
6 3
0.122965 0.302400 0.358670 0.515955 0.733992 0.972591
6 4
0.479682 0.624758 0.647584 0.703299 0.804952 0.927527
6 4
0.023278 0.193407 0.384109 0.544444 0.596941 0.998411
6 4
0.026561 0.217698 0.220568 0.265878 0.369407 0.582216
6 4
0.030936 0.112294 0.226018 0.564829 0.574702 0.876563
6 4
0.023930 0.043021 0.065123 0.183025 0.352784 0.364275
6 4
0.071640 0.197210 0.315019 0.428464 0.669091 0.983579
6 4
0.002596 0.215999 0.310781 0.555996 0.622400 0.925812
6 4
0.062859 0.305592 0.457477 0.670415 0.750884 0.796208
6 4
0.263280 0.489545 0.545080 0.658951 0.702053 0.952340
6 4
0.245027 0.258956 0.334945 0.611266 0.911403 0.960546
6 4
0.095495 0.189083 0.250678 0.787751 0.812365 0.950490
6 4
0.141332 0.266230 0.447568 0.517983 0.705890 0.745649
6 4
0.102050 0.120649 0.361670 0.505134 0.541246 0.943259
6 4
0.027123 0.049721 0.110644 0.637111 0.781466 0.901687
6 4
0.150033 0.330875 0.523220 0.659304 0.963208 0.987621
6 4
0.114494 0.155453 0.233168 0.404852 0.614537 0.844726
6 4
0.087442 0.103787 0.653423 0.679730 0.713465 0.846986
6 4
0.212615 0.233342 0.281703 0.284152 0.562855 0.843533
6 4
0.105509 0.173977 0.181403 0.608790 0.650238 0.818784
6 4
0.027234 0.207453 0.383590 0.446400 0.904386 0.935205
6 4
0.262648 0.316509 0.369322 0.506791 0.584042 0.695477
6 4
0.060839 0.103584 0.179881 0.586500 0.751186 0.877082
6 4
0.323606 0.456866 0.571599 0.663881 0.754081 0.857795
6 4
0.025356 0.104424 0.337126 0.412679 0.669201 0.848650
6 4
0.043139 0.157038 0.396543 0.692750 0.702250 0.797733
6 4
0.016891 0.195639 0.199396 0.432454 0.718881 0.915570
6 4
0.042056 0.204375 0.505494 0.673361 0.754747 0.926449
6 4
0.473587 0.490505 0.594306 0.601743 0.688804 0.926330
6 4
0.042948 0.516040 0.597997 0.627449 0.820480 0.894704
6 4
0.022508 0.023693 0.187911 0.213030 0.394333 0.399159
6 4
0.095905 0.285625 0.290182 0.524571 0.534233 0.654860
6 4
0.027955 0.056545 0.172657 0.245678 0.471068 0.502016
6 4
0.008690 0.348354 0.529958 0.911436 0.921067 0.959167
6 4
0.068677 0.107159 0.463818 0.733316 0.920282 0.951184
6 4
0.164439 0.295622 0.496192 0.587847 0.784906 0.851955
6 4
0.053548 0.293893 0.525237 0.706229 0.711699 0.992218
6 4
0.294421 0.312219 0.348938 0.492231 0.495383 0.561784
6 4
0.190802 0.211813 0.265269 0.486618 0.504201 0.968539
6 4
0.301818 0.312690 0.435032 0.602286 0.675413 0.842107
6 4
0.223756 0.466301 0.889468 0.892775 0.910778 0.959617
6 4
0.023780 0.216224 0.256885 0.261181 0.297256 0.574147
6 4
0.476802 0.603761 0.734864 0.847687 0.954025 0.954657
6 4
0.022843 0.123623 0.393084 0.446161 0.621313 0.903835
6 4
0.139496 0.150669 0.365347 0.706345 0.855243 0.873366
6 4
0.147443 0.153557 0.256300 0.455769 0.608761 0.854933
6 4
0.110629 0.185655 0.777513 0.784176 0.885323 0.965239
6 4
0.299920 0.478303 0.696756 0.840906 0.859514 0.888392
6 4
0.068202 0.119378 0.186258 0.425865 0.675125 0.834194
6 4
0.058797 0.127838 0.497102 0.847192 0.957122 0.961944
6 4
0.191880 0.444538 0.459497 0.546017 0.773340 0.866023
6 4
0.005111 0.236486 0.475465 0.478202 0.688006 0.771692
6 4
0.002908 0.176756 0.196668 0.491461 0.745097 0.959324
6 4
0.374590 0.384495 0.553561 0.596250 0.728641 0.734861
6 4
0.033347 0.168060 0.276955 0.428006 0.887823 0.891033
6 4
0.033529 0.611254 0.777871 0.845245 0.928832 0.942497
6 4
0.056791 0.217080 0.330670 0.515246 0.817379 0.893366
6 4
0.109667 0.390638 0.433551 0.763585 0.880501 0.991916
6 4
0.472423 0.521439 0.595822 0.605540 0.619295 0.905369
6 4
0.043690 0.307502 0.368649 0.424899 0.632762 0.659248
6 4
0.149083 0.223409 0.340694 0.398884 0.622546 0.801915
6 4
0.018236 0.035034 0.066545 0.278441 0.762829 0.883689
6 4
0.001263 0.130965 0.230707 0.506542 0.787294 0.822464
6 4
0.250927 0.533725 0.722180 0.740755 0.823163 0.964903
6 4
0.553624 0.617433 0.714783 0.759754 0.780525 0.861197
6 4
0.056775 0.111837 0.183498 0.478741 0.813294 0.941196
6 4
0.065544 0.145158 0.243064 0.289121 0.336313 0.752395
6 4
0.176832 0.219724 0.675372 0.682845 0.900697 0.981044
6 4
0.536451 0.705338 0.715620 0.786869 0.841168 0.842330
6 4
0.194591 0.225708 0.545265 0.657636 0.702799 0.834969
6 4
0.151329 0.269519 0.305213 0.404302 0.728869 0.983199
6 4
0.186952 0.433828 0.515697 0.714998 0.759762 0.863991
6 4
0.087229 0.120752 0.186487 0.325914 0.503414 0.648086
6 4
0.102820 0.435152 0.612782 0.649235 0.816983 0.980263
6 4
0.005674 0.103913 0.392954 0.543566 0.886095 0.950910
6 4
0.027751 0.152368 0.267396 0.588822 0.739652 0.745331
6 4
0.220056 0.220221 0.549966 0.550845 0.836897 0.992642
6 4
0.093134 0.197934 0.654731 0.700895 0.711429 0.905509
6 4
0.006705 0.110100 0.203589 0.249349 0.435968 0.980323
6 4
0.315583 0.414215 0.666509 0.808853 0.810002 0.860018
6 4
0.509042 0.609768 0.657781 0.777760 0.855775 0.881246
6 4
0.073111 0.281231 0.500711 0.637626 0.701059 0.970359
6 4
0.183170 0.540589 0.553750 0.837192 0.917609 0.968943
6 4
0.178694 0.228458 0.412990 0.545445 0.647106 0.771526
6 4
0.012185 0.082075 0.233693 0.314214 0.558079 0.764485
6 4
0.059468 0.119486 0.218743 0.306186 0.346554 0.356373
6 4
0.211709 0.311559 0.558954 0.623316 0.721744 0.993780
6 4
0.036465 0.632391 0.816057 0.835834 0.940090 0.948405
6 4
0.246108 0.249102 0.573879 0.616074 0.921411 0.999764
6 4
0.445407 0.765170 0.816296 0.876201 0.891789 0.923903
6 4
0.039676 0.401859 0.410359 0.678911 0.687913 0.868909
6 4
0.122332 0.180722 0.264820 0.379090 0.621825 0.757594
6 4
0.204724 0.282691 0.339368 0.359278 0.810488 0.863238
6 4
0.027334 0.116653 0.128969 0.261195 0.734619 0.934692
6 4
0.018200 0.108905 0.228946 0.323992 0.422724 0.523306
6 4
0.042871 0.126608 0.189440 0.341681 0.812820 0.834444
6 4
0.043262 0.229859 0.230192 0.321189 0.748844 0.902715
6 4
0.116512 0.284319 0.342426 0.904124 0.928121 0.992519
6 4
0.346588 0.396161 0.406749 0.561331 0.710693 0.800724
6 4
0.133265 0.375798 0.391141 0.678908 0.821474 0.956506
6 4
0.185366 0.238370 0.269776 0.756875 0.765665 0.842696
6 4
0.012777 0.192089 0.676423 0.713284 0.774142 0.897799
6 4
0.212385 0.368709 0.372242 0.536262 0.610771 0.816586
6 4
0.019420 0.284792 0.290438 0.525811 0.757100 0.906230
6 4
0.132970 0.551258 0.570885 0.582786 0.810320 0.962698
6 4
0.162234 0.199544 0.544669 0.782497 0.813588 0.848991
6 4
0.009847 0.139043 0.461296 0.556468 0.743444 0.758954
6 4
0.033308 0.248528 0.263441 0.613450 0.780557 0.783945
6 4
0.229528 0.317998 0.400377 0.404427 0.426935 0.653984
6 4
0.204702 0.238091 0.309969 0.504936 0.927845 0.972415
6 4
0.022929 0.047364 0.145244 0.173457 0.238891 0.283870
6 4
0.005784 0.045941 0.332337 0.518298 0.809097 0.879883
6 4
0.003506 0.202009 0.601175 0.683755 0.704442 0.736833
6 4
0.022175 0.469753 0.505500 0.664902 0.729225 0.827756
6 4
0.161957 0.220119 0.450887 0.492734 0.507515 0.592141
6 4
0.112273 0.489176 0.746706 0.782280 0.874054 0.890414
6 4
0.066527 0.076251 0.147268 0.211770 0.464802 0.681952
6 4
0.392698 0.631025 0.781317 0.918517 0.936047 0.983061
6 4
0.185940 0.203365 0.488781 0.738220 0.889548 0.988734
6 4
0.015145 0.414315 0.463562 0.539373 0.721773 0.887380
6 4
0.054217 0.256202 0.560696 0.762648 0.885840 0.968502
6 4
0.152943 0.257006 0.284673 0.533478 0.654424 0.823994
6 4
0.181462 0.467997 0.471620 0.523319 0.621640 0.796855
6 4
0.019371 0.115766 0.378860 0.519070 0.648359 0.946201
6 4
0.301767 0.348532 0.440889 0.523355 0.608969 0.737863
6 4
0.011000 0.318384 0.391019 0.402055 0.602820 0.836609
6 4
0.013001 0.136302 0.213389 0.285034 0.521448 0.957930
6 4
0.012694 0.097199 0.554902 0.589798 0.617769 0.822072
6 4
0.171320 0.193705 0.410529 0.586344 0.820649 0.868935
6 4
0.146099 0.267059 0.318113 0.529747 0.838414 0.972124
6 4
0.209693 0.291016 0.324518 0.707323 0.737888 0.975724
6 4
0.028637 0.770849 0.785683 0.837540 0.905105 0.915249
6 4
0.100284 0.166776 0.398410 0.694371 0.800179 0.907910
6 4
0.060122 0.172685 0.475495 0.592460 0.635195 0.913382
6 4
0.137874 0.160637 0.589068 0.705966 0.746392 0.805079
6 4
0.271825 0.496666 0.656012 0.725556 0.876986 0.930700
6 4
0.073435 0.112649 0.160430 0.243144 0.790963 0.808107
6 4
0.179076 0.195028 0.446851 0.626939 0.646397 0.717331
6 4
0.094870 0.164324 0.412109 0.666330 0.800336 0.818080
6 4
0.014921 0.275086 0.301656 0.453844 0.938761 0.990166
6 4
0.006316 0.218098 0.384646 0.526645 0.791804 0.886014
6 4
0.080190 0.500756 0.637974 0.697571 0.796650 0.894165
6 4
0.531284 0.550776 0.644844 0.813428 0.866205 0.988186
6 4
0.309742 0.323689 0.476048 0.691465 0.744106 0.889658
6 4
0.152535 0.515344 0.563989 0.684300 0.830558 0.946753
6 4
0.394033 0.474648 0.605568 0.611016 0.637277 0.896018
6 4
0.024970 0.034755 0.179377 0.291124 0.551909 0.568775
6 4
0.030954 0.046259 0.265665 0.346524 0.879915 0.939226
6 4
0.408735 0.569501 0.613599 0.650516 0.921033 0.962545
6 4
0.219567 0.408669 0.490124 0.735717 0.833194 0.847231
6 4
0.114124 0.312881 0.393770 0.572453 0.908571 0.985557
6 4
0.286895 0.416725 0.569888 0.748457 0.808652 0.953175
6 4
0.040729 0.077705 0.094323 0.446654 0.661336 0.788652
6 4
0.170432 0.612997 0.688791 0.734339 0.824607 0.972501
6 4
0.027684 0.129116 0.178680 0.695153 0.852048 0.907295
6 4
0.061672 0.247350 0.330489 0.340932 0.353145 0.840499
6 4
0.347126 0.660731 0.699629 0.714840 0.865570 0.929890
6 4
0.141642 0.401935 0.403540 0.403679 0.616764 0.643032
6 4
0.045380 0.103766 0.409757 0.654577 0.738612 0.914965
6 4
0.115701 0.334123 0.378381 0.664957 0.787014 0.819539
6 4
0.026793 0.033432 0.143582 0.410298 0.651739 0.758353
6 4
0.036102 0.153052 0.464531 0.502761 0.632065 0.913963
6 4
0.029942 0.286883 0.312677 0.324208 0.394031 0.913342
6 4
0.137367 0.463443 0.488357 0.594131 0.723144 0.922853
6 4
0.063787 0.383364 0.398792 0.722667 0.775544 0.998262
6 4
0.495815 0.514833 0.632998 0.694835 0.696064 0.806617
6 4
0.185789 0.519760 0.543225 0.713854 0.729369 0.763510
6 4
0.055792 0.090204 0.638880 0.767084 0.947206 0.997910
6 4
0.179138 0.481808 0.613380 0.655035 0.675832 0.842241
6 4
0.061279 0.502050 0.658315 0.881474 0.881841 0.930468
6 4
0.133946 0.256464 0.275109 0.429830 0.553046 0.961573
6 4
0.096882 0.275659 0.367564 0.461182 0.492508 0.538286
6 4
0.111971 0.146691 0.277276 0.320581 0.396080 0.821903
6 4
0.013306 0.178912 0.436239 0.529109 0.833667 0.969188
6 4
0.170037 0.424822 0.475284 0.785979 0.896192 0.963567
6 4
0.195786 0.351265 0.524292 0.576173 0.756199 0.941471
6 4
0.008832 0.228614 0.238019 0.538588 0.912974 0.972042
6 4
0.127754 0.465652 0.481453 0.834867 0.906019 0.963639
6 4
0.037464 0.154305 0.534797 0.868391 0.919440 0.996145
6 4
0.023927 0.241774 0.312275 0.342221 0.663258 0.776282
6 4
0.193846 0.332650 0.512732 0.539194 0.577156 0.670185
6 4
0.185501 0.408424 0.509637 0.601758 0.890925 0.918835
6 4
0.592441 0.615555 0.807520 0.843520 0.879164 0.993835
6 4
0.347895 0.437183 0.443775 0.691882 0.859892 0.923290
6 4
0.348236 0.409378 0.721780 0.726931 0.838933 0.861818
6 4
0.066096 0.152331 0.772638 0.795082 0.843582 0.978688
6 4
0.116540 0.127422 0.384212 0.456456 0.577362 0.693931
6 4
0.246655 0.632732 0.736114 0.796106 0.862395 0.928281
6 4
0.032921 0.254878 0.469665 0.770167 0.781359 0.886129
6 4
0.092971 0.301146 0.384021 0.649671 0.727430 0.978357
6 4
0.119608 0.172485 0.208947 0.420087 0.628002 0.701070
6 4
0.146950 0.339944 0.515795 0.725319 0.737896 0.820710
6 4
0.269339 0.303878 0.415814 0.557838 0.678848 0.763706
6 4
0.030624 0.432749 0.451655 0.706921 0.785641 0.831986
6 4
0.024538 0.027139 0.294703 0.353169 0.396604 0.678646
6 4
0.134171 0.268470 0.296805 0.595849 0.788574 0.927413
6 4
0.145064 0.245888 0.440231 0.658306 0.843299 0.944883
6 4
0.447448 0.571268 0.622743 0.874459 0.927975 0.975864
6 4
0.052165 0.379599 0.575840 0.852489 0.958547 0.990226
6 4
0.082598 0.133388 0.253128 0.497269 0.704213 0.836432
6 4
0.122965 0.302400 0.358670 0.515955 0.733992 0.972591
8 3
0.455868 0.479682 0.624758 0.647584 0.703299 0.777333 0.804952 0.927527
8 3
0.266633 0.278713 0.389339 0.486663 0.498989 0.727543 0.755416 0.813744
8 8
0.455868 0.479682 0.624758 0.647584 0.703299 0.777333 0.804952 0.927527
8 8
0.266633 0.278713 0.389339 0.486663 0.498989 0.727543 0.755416 0.813744
15 3
0.063897 0.264158 0.321587 0.334210 0.343246 0.455868 0.479682 0.624758 0.647584 0.658888 0.703299 0.777333 0.804952 0.927527 0.945008
15 3
0.160654 0.194256 0.345315 0.372485 0.386812 0.577616 0.594844 0.675454 0.821707 0.837768 0.861805 0.919484 0.954884 0.987828 0.995144
15 15
0.063897 0.264158 0.321587 0.334210 0.343246 0.455868 0.479682 0.624758 0.647584 0.658888 0.703299 0.777333 0.804952 0.927527 0.945008
15 15
0.160654 0.194256 0.345315 0.372485 0.386812 0.577616 0.594844 0.675454 0.821707 0.837768 0.861805 0.919484 0.954884 0.987828 0.995144
30 15
0.042730 0.063897 0.084530 0.094039 0.210158 0.212174 0.264158 0.285114 0.321587 0.334210 0.343246 0.346513 0.451129 0.455868 0.460313 0.479682 0.550405 0.561707 0.579149 0.624758 0.647584 0.658888 0.703299 0.716127 0.724427 0.747846 0.777333 0.804952 0.927527 0.945008
30 15
0.001089 0.039641 0.135394 0.165645 0.207498 0.222199 0.262782 0.274998 0.306602 0.326745 0.356668 0.358554 0.415382 0.471068 0.512278 0.536492 0.544424 0.566959 0.594752 0.622290 0.625729 0.627570 0.652629 0.660923 0.703685 0.770213 0.811516 0.813649 0.817962 0.852695
30 15
0.007300 0.044941 0.056447 0.063175 0.133897 0.193415 0.260132 0.273048 0.294140 0.347031 0.408089 0.422403 0.470282 0.470961 0.503524 0.518876 0.544176 0.563958 0.578234 0.589894 0.607708 0.609745 0.740780 0.762352 0.774418 0.808239 0.830011 0.877123 0.881224 0.913277
30 15
0.005908 0.041772 0.043940 0.066295 0.101054 0.116172 0.173197 0.174347 0.185208 0.211283 0.309071 0.335999 0.355356 0.383602 0.406016 0.454876 0.494272 0.495594 0.551369 0.581306 0.596785 0.611367 0.631865 0.710732 0.713750 0.740941 0.809148 0.810691 0.832504 0.938449
30 15
0.029322 0.050204 0.141234 0.163993 0.172627 0.207267 0.218224 0.251111 0.288761 0.305322 0.330431 0.338738 0.355249 0.386070 0.404993 0.420971 0.463726 0.479713 0.489720 0.598187 0.633262 0.644287 0.653870 0.845018 0.862415 0.867122 0.871315 0.948986 0.952811 0.986867
30 15
0.014988 0.031511 0.039889 0.088786 0.131800 0.142908 0.157581 0.172405 0.173801 0.225865 0.246143 0.295713 0.313563 0.345934 0.372276 0.392089 0.458842 0.487595 0.495606 0.510391 0.594024 0.700722 0.718789 0.731330 0.782131 0.833594 0.858997 0.951747 0.959053 0.971770
30 15
0.023341 0.068794 0.104637 0.131536 0.153208 0.157593 0.160234 0.181907 0.313417 0.386267 0.422075 0.427238 0.464349 0.465480 0.520000 0.523724 0.531546 0.564904 0.595551 0.596445 0.651135 0.672387 0.734786 0.751983 0.769594 0.778403 0.816858 0.828508 0.909187 0.955275
30 15
0.057544 0.100798 0.141651 0.154558 0.186143 0.191517 0.269142 0.275070 0.358848 0.399377 0.453162 0.462453 0.467642 0.477313 0.497402 0.518772 0.537481 0.562247 0.596482 0.688221 0.715628 0.783083 0.794893 0.809219 0.841737 0.879122 0.887440 0.893002 0.925299 0.985835
30 15
0.018362 0.034202 0.056641 0.085591 0.117204 0.180029 0.191084 0.216224 0.221870 0.289975 0.301702 0.318303 0.336190 0.347168 0.357444 0.451573 0.505507 0.636037 0.643143 0.738625 0.749217 0.751260 0.765102 0.818127 0.862930 0.897857 0.910245 0.980623 0.989033 0.992358
30 15
0.052773 0.085181 0.109199 0.162552 0.193165 0.195002 0.215136 0.255890 0.382234 0.393398 0.395620 0.428874 0.429240 0.431379 0.475059 0.481571 0.560608 0.586147 0.586425 0.614242 0.621125 0.683245 0.690171 0.738219 0.770280 0.830919 0.868453 0.962030 0.972007 0.989018
30 15
0.002180 0.040593 0.057649 0.116080 0.190455 0.210504 0.237391 0.291716 0.375076 0.383056 0.394170 0.395066 0.403683 0.412408 0.429742 0.446752 0.478509 0.609644 0.628726 0.629398 0.698970 0.779369 0.782475 0.795190 0.859935 0.891072 0.895614 0.904653 0.919065 0.991667
30 15
0.018266 0.023419 0.057368 0.084857 0.107898 0.146721 0.171797 0.232687 0.277449 0.423622 0.430882 0.461922 0.484714 0.500321 0.533518 0.635470 0.640327 0.655202 0.672261 0.797957 0.852925 0.856304 0.931376 0.937806 0.940170 0.942121 0.951188 0.962481 0.995092 0.999064
30 15
0.117383 0.118286 0.182462 0.322218 0.330010 0.347389 0.378250 0.395819 0.455878 0.456121 0.487474 0.517507 0.531133 0.563311 0.592447 0.641280 0.651380 0.659237 0.685857 0.686527 0.693803 0.697000 0.713875 0.771706 0.771733 0.777644 0.822570 0.874867 0.931721 0.955393
30 15
0.036981 0.048493 0.087658 0.149922 0.154612 0.249169 0.298486 0.301561 0.320156 0.325573 0.335329 0.395624 0.410220 0.478106 0.478843 0.505877 0.513024 0.519406 0.535890 0.586083 0.602392 0.618427 0.692894 0.724944 0.910971 0.921521 0.922303 0.936271 0.958219 0.962098
30 15
0.007862 0.080792 0.096697 0.109035 0.123813 0.207682 0.214246 0.216556 0.282586 0.286858 0.308977 0.318242 0.391313 0.393914 0.461136 0.528292 0.568664 0.570128 0.619166 0.641702 0.646661 0.748709 0.825020 0.833501 0.889855 0.897986 0.905850 0.918953 0.939098 0.989932
30 15
0.013187 0.038017 0.081921 0.168171 0.219708 0.261904 0.279980 0.415780 0.444685 0.462320 0.523837 0.525998 0.586211 0.604667 0.617331 0.630165 0.646110 0.660332 0.667608 0.672515 0.684122 0.688401 0.696491 0.700846 0.709532 0.722580 0.748673 0.776379 0.864121 0.987378
30 15
0.007221 0.027982 0.107703 0.164653 0.189238 0.249705 0.356720 0.370278 0.427218 0.435883 0.439623 0.446157 0.451951 0.476754 0.505445 0.539517 0.563817 0.594871 0.604170 0.620410 0.655712 0.661592 0.702192 0.706100 0.737961 0.868354 0.892600 0.916639 0.923872 0.932609
30 15
0.054037 0.106054 0.175763 0.207221 0.260413 0.262123 0.323137 0.378892 0.442465 0.448110 0.448348 0.449191 0.469701 0.494150 0.523414 0.545079 0.589125 0.636215 0.637487 0.647409 0.693749 0.714728 0.771496 0.789047 0.804150 0.851247 0.883806 0.910007 0.925099 0.954314
30 15
0.061152 0.140135 0.149367 0.178954 0.215199 0.241963 0.243939 0.378262 0.424023 0.441811 0.489477 0.507004 0.507314 0.528999 0.617090 0.642887 0.789717 0.799812 0.819624 0.836960 0.862233 0.877030 0.886620 0.898774 0.921275 0.950925 0.974118 0.977880 0.999173 0.999209
40 20
0.038472 0.042730 0.063897 0.084530 0.094039 0.187528 0.210158 0.212174 0.264158 0.285114 0.293991 0.321587 0.334210 0.343246 0.346513 0.411490 0.451129 0.455868 0.460313 0.479682 0.550405 0.561707 0.579149 0.624758 0.647584 0.657844 0.658888 0.668217 0.703299 0.716127 0.724427 0.747846 0.777333 0.804952 0.825315 0.840158 0.899246 0.927527 0.937636 0.945008
40 20
0.090438 0.106330 0.107263 0.135363 0.165138 0.194087 0.225465 0.229281 0.247029 0.248027 0.283423 0.295162 0.300920 0.322482 0.381350 0.417599 0.420604 0.451518 0.473043 0.473744 0.516112 0.545873 0.582560 0.587028 0.612887 0.624747 0.665768 0.718439 0.726304 0.726577 0.732063 0.746588 0.804512 0.815142 0.822288 0.833309 0.871891 0.898003 0.907623 0.923183
40 20
0.008418 0.014867 0.021417 0.022738 0.026740 0.053495 0.068551 0.090661 0.158468 0.165872 0.182375 0.186665 0.202162 0.214971 0.244951 0.276684 0.280948 0.330321 0.376483 0.455922 0.496372 0.515396 0.540159 0.545029 0.560616 0.608799 0.634338 0.697948 0.717797 0.732311 0.739108 0.741792 0.761286 0.870293 0.884970 0.891680 0.891791 0.892701 0.942214 0.946240
40 20
0.001218 0.040359 0.083505 0.107713 0.134488 0.159516 0.192327 0.226555 0.263777 0.267012 0.267320 0.302534 0.318467 0.362522 0.365649 0.423120 0.451858 0.478823 0.479887 0.487780 0.500145 0.501471 0.515727 0.546363 0.549116 0.550458 0.586659 0.616013 0.617426 0.638139 0.674847 0.720738 0.740241 0.798983 0.828483 0.828993 0.850617 0.916192 0.938515 0.949498
40 20
0.032495 0.034671 0.056166 0.094568 0.166506 0.217575 0.246754 0.283182 0.319703 0.326638 0.328047 0.376946 0.415487 0.433902 0.446904 0.461760 0.463090 0.481497 0.500048 0.503002 0.509452 0.524597 0.546727 0.556942 0.588853 0.595706 0.609678 0.685025 0.744211 0.746973 0.773646 0.784524 0.799078 0.863059 0.869433 0.899068 0.902377 0.946579 0.967015 0.976550
40 20
0.010573 0.030111 0.033523 0.070501 0.075723 0.148612 0.152886 0.166286 0.184881 0.227880 0.230072 0.235519 0.237881 0.254315 0.296878 0.308621 0.326693 0.383746 0.408650 0.430120 0.446697 0.458121 0.476719 0.552967 0.561607 0.609232 0.659579 0.661304 0.661995 0.691130 0.692066 0.720297 0.778822 0.780578 0.799314 0.853355 0.856718 0.856895 0.859464 0.895336
40 20
0.024286 0.110220 0.117245 0.119705 0.134971 0.137336 0.157517 0.177672 0.190816 0.193402 0.224379 0.301976 0.352679 0.376305 0.378404 0.386717 0.402856 0.433861 0.466864 0.478796 0.508797 0.517449 0.541826 0.560030 0.630468 0.716037 0.716251 0.731922 0.760144 0.760325 0.770155 0.790581 0.801636 0.839098 0.848946 0.865267 0.873993 0.909397 0.942188 0.990575
40 20
0.030545 0.111633 0.124224 0.147777 0.178064 0.190340 0.194757 0.243424 0.289386 0.331223 0.335942 0.356142 0.400885 0.406816 0.411613 0.434124 0.463774 0.509643 0.593298 0.614635 0.643428 0.676387 0.699907 0.746924 0.751812 0.837277 0.843607 0.862852 0.888986 0.896742 0.899027 0.905319 0.920891 0.928377 0.946992 0.952659 0.962235 0.969398 0.973116 0.982839
40 20
0.033343 0.047735 0.081226 0.084218 0.090350 0.095462 0.129106 0.170870 0.208767 0.227004 0.270219 0.271863 0.284007 0.289403 0.328448 0.339540 0.368655 0.389736 0.409325 0.437797 0.439329 0.470007 0.533440 0.556481 0.586131 0.649950 0.691086 0.705518 0.741541 0.764837 0.782622 0.796253 0.802321 0.807579 0.816778 0.837438 0.843534 0.941105 0.965344 0.970139
40 20
0.020012 0.050146 0.050638 0.084825 0.085552 0.104422 0.125024 0.128758 0.170629 0.175423 0.184830 0.232713 0.276710 0.284038 0.306406 0.346554 0.360892 0.363273 0.366443 0.404688 0.4