4
  0  0  4  0  4  4  0  4
  1  1  3  3
4
  0  0 10  0 10 20  0 20
  1  1  9 19
16
  2  0  4  0  4  2  6  2  6  4
  8  4  8  2 10  2 10  0 12  0
 12  2 14  2 14  6  0  6  0  2
  2  2
  3  1 11  1
14
  2  0  6  0  6  4  4  4  4  8
  8  8  8  6 12  6 12 10 10 10
 10 12  0 12  0  2  2  2
  3  3  9  9
12
  0  0  2  0  2  2  4  2  4  0
  6  0  6  6  4  6  4  4  2  4
  2  6  0  6
  1  1  5  1
12
  0  0  2  0  2  2  4  2  4  0
  6  0  6  6  4  6  4  4  2  4
  2  6  0  6
  1  1  5  5
20
  4  0  2  0  2 -2  0 -2  0  0
 -2  0 -2 -2 -4 -2 -4  0 -6  0
 -6 -6 -4 -6 -4 -4 -2 -4 -2 -6
  0 -6  0 -4  2 -4  2 -6  4 -6
  3 -1 -5 -5
20
  0  0  2  0  2  2  4  2  4  0
  6  0  6  2  8  2  8  0 10  0
 10  6  8  6  8  4  6  4  6  6
  4  6  4  4  2  4  2  6  0  6
  1  1  9  5
20
  0  0  2  0  2  2  4  2  4  0
  6  0  6  2  8  2  8  0 10  0
 10  6  8  6  8  4  6  4  6  6
  4  6  4  4  2  4  2  6  0  6
  1  1  9  1
28
  0  0  2  0  2  4  4  4  4  0
 14  0 14  6 10  6 10  8 14  8
 14 14  4 14  4 10  2 10  2 14
  0 14  0  8  6  8  6 12 12 12
 12 10  8 10  8  4 12  4 12  2
  6  2  6  6  0  6
  1  1  1 13
28
  0  0 14  0 14 10  0 10  0  6
  2  6  2  8  4  8  4  6  6  6
  6  8  8  8  8  6 10  6 10  8
 12  8 12  2 10  2 10  4  8  4
  8  2  6  2  6  4  4  4  4  2
  2  2  2  4  0  4
  1  1  1  9
32
  0  0 16  0 16  2  2  2  2  4
 16  4 16  6  6  6  6  8 16  8
 16 10 10 10 10 12 16 12 16 14
 14 14 14 16 16 16 16 18 12 18
 12 14 10 14 10 18  8 18  8 10
  6 10  6 18  4 18  4  6  2  6
  2 18  0 18
  1  7 15  1
44
 -4 -6 -2 -6 -2 -4  0 -4  0 -6
  2 -6  2 -4  4 -4  4 -6  6 -6
  6 -4  8 -4  8 -2  6 -2  6  0
  8  0  8  2  6  2  6  4  8  4
  8  6  6  6  6  8  4  8  4  6
  2  6  2  8  0  8  0  6 -2  6
 -2  8 -4  8 -4  6 -6  6 -6  4
 -4  4 -4  2 -6  2 -6  0 -4  0
 -4 -2 -6 -2 -6 -4 -4 -4
 -3 -5  5 -5
76
  0  0 10  0 10  4 12  4 12  0
 18  0 18  4 20  4 20  0 26  0
 26  6 24  6 24  2 22  2 22  6
 16  6 16  2 14  2 14  6  8  6
  8  2  2  2  2  4  6  4  6 10
  2 10  2 12  8 12  8  8 14  8
 14 12 16 12 16  8 26  8 26 14
 22 14 22 16 26 16 26 22 16 22
 16 18 14 18 14 22  8 22  8 18
  6 18  6 22  0 22  0 16  2 16
  2 20  4 20  4 16 10 16 10 20
 12 20 12 16 18 16 18 20 24 20
 24 18 20 18 20 12 24 12 24 10
 18 10 18 14 12 14 12 10 10 10
 10 14  0 14  0  8  4  8  4  6
  0  6
 25  5  1 17
154
  4  0  4  2  8  2  8  0 14  0
 14  2 16  2 16  0 22  0 22  2
 24  2 24  0 30  0 30  4 28  4
 28  2 26  2 26  4 20  4 20  2
 18  2 18  4 12  4 12  2 10  2
 10  8 14  8 14  6 20  6 20  8
 22  8 22  6 28  6 28  8 30  8
 30 10 26 10 26  8 24  8 24 10
 18 10 18  8 16  8 16 14 20 14
 20 12 26 12 26 14 28 14 28 12
 30 12 30 16 24 16 24 14 22 14
 22 20 26 20 26 18 30 18 30 20
 28 20 28 26 30 26 30 28 26 28
 26 30 24 30 24 26 26 26 26 22
 20 22 20 24 22 24 22 30 18 30
 18 28 20 28 20 26 18 26 18 20
 20 20 20 16 14 16 14 18 16 18
 16 24 14 24 14 26 16 26 16 30
 14 30 14 28 12 28 12 22 14 22
 14 20 12 20 12 14 14 14 14 10
  8 10  8 12 10 12 10 18  8 18
  8 20 10 20 10 26  8 26  8 28
 10 28 10 30  6 30  6 24  8 24
  8 22  6 22  6 16  8 16  8 14
  6 14  6  8  8  8  8  4  2  4
  2  6  4  6  4 12  2 12  2 14
  4 14  4 20  2 20  2 22  4 22
  4 28  2 28  2 30  0 30  0 26
  2 26  2 24  0 24  0 18  2 18
  2 16  0 16  0 10  2 10  2  8
  0  8  0  2  2  2  2  0
  1 29 29 27
180
  0  0  2  0  2  2  4  2  4  0
 10  0 10  2 12  2 12  0 18  0
 18  2 20  2 20  0 26  0 26  2
 30  2 30 34 24 34 24 32 22 32
 22 34 16 34 16 32 14 32 14 34
  8 34  8 32  6 32  6 34  0 34
  0 30  2 30  2 32  4 32  4 30
 10 30 10 32 12 32 12 30 18 30
 18 32 20 32 20 30 26 30 26 32
 28 32 28 28 24 28 24 26 22 26
 22 28 16 28 16 26 14 26 14 28
  8 28  8 26  6 26  6 28  0 28
  0 24  2 24  2 26  4 26  4 24
 10 24 10 26 12 26 12 24 18 24
 18 26 20 26 20 24 26 24 26 26
 28 26 28 22 24 22 24 20 22 20
 22 22 16 22 16 20 14 20 14 22
  8 22  8 20  6 20  6 22  0 22
  0 18  2 18  2 20  4 20  4 18
 10 18 10 20 12 20 12 18 18 18
 18 20 20 20 20 18 26 18 26 20
 28 20 28 16 24 16 24 14 22 14
 22 16 16 16 16 14 14 14 14 16
  8 16  8 14  6 14  6 16  0 16
  0 12  2 12  2 14  4 14  4 12
 10 12 10 14 12 14 12 12 18 12
 18 14 20 14 20 12 26 12 26 14
 28 14 28 10 24 10 24  8 22  8
 22 10 16 10 16  8 14  8 14 10
  8 10  8  8  6  8  6 10  0 10
  0  6  2  6  2  8  4  8  4  6
 10  6 10  8 12  8 12  6 18  6
 18  8 20  8 20  6 26  6 26  8
 28  8 28  4 24  4 24  2 22  2
 22  4 16  4 16  2 14  2 14  4
  8  4  8  2  6  2  6  4  0  4
  1 13  1 31
204
  2  0  4  0  4  2  6  2  6  4
  8  4  8  6 10  6 10  8 12  8
 12  6 14  6 14  4 16  4 16  2
 18  2 18  0 20  0 20  2 22  2
 22  4 24  4 24  6 26  6 26  8
 28  8 28 10 30 10 30 12 32 12
 32 14 34 14 34 16 32 16 32 18
 30 18 30 20 28 20 28 22 26 22
 26 24 24 24 24 26 22 26 22 28
 20 28 20 30 18 30 18 32 20 32
 20 34 22 34 22 36 24 36 24 34
 26 34 26 32 28 32 28 30 30 30
 30 28 32 28 32 26 34 26 34 24
 36 24 36 22 38 22 38 20 40 20
 40 22 42 22 42 24 44 24 44 26
 46 26 46 28 48 28 48 30 50 30
 50 32 52 32 52 34 54 34 54 36
 52 36 52 38 50 38 50 40 48 40
 48 42 46 42 46 44 48 44 48 46
 50 46 50 48 52 48 52 50 54 50
 54 52 52 52 52 54 50 54 50 52
 48 52 48 50 46 50 46 48 44 48
 44 46 42 46 42 48 40 48 40 50
 38 50 38 52 36 52 36 54 34 54
 34 52 32 52 32 50 30 50 30 48
 28 48 28 46 30 46 30 44 32 44
 32 42 34 42 34 40 36 40 36 38
 34 38 34 36 32 36 32 38 30 38
 30 40 28 40 28 42 26 42 26 44
 24 44 24 42 22 42 22 40 20 40
 20 38 18 38 18 36 16 36 16 34
 14 34 14 32 12 32 12 30 10 30
 10 28 12 28 12 26 14 26 14 24
 16 24 16 22 18 22 18 20 16 20
 16 18 14 18 14 20 12 20 12 22
 10 22 10 24  8 24  8 26  6 26
  6 24  4 24  4 22  2 22  2 20
  0 20  0 18  2 18  2 16  4 16
  4 14  6 14  6 12  8 12  8 10
  6 10  6  8  4  8  4  6  2  6
  2  4  0  4  0  2  2  2
  1  3 51 53
208
  0  0  6  0  6  6  2  6  2 12
  4 12  4  8 10  8 10 12 12 12
 12  6  8  6  8  0 18  0 18  4
 20  4 20  0 30  0 30  6 26  6
 26  8 30  8 30 14 20 14 20 10
 18 10 18 20 20 20 20 16 30 16
 30 22 26 22 26 24 30 24 30 30
 20 30 20 26 18 26 18 30  8 30
  8 24 12 24 12 18 10 18 10 22
  4 22  4 18  2 18  2 24  6 24
  6 30  2 30  2 32  6 32  6 38
  2 38  2 44  4 44  4 40 10 40
 10 44 12 44 12 38  8 38  8 32
 18 32 18 36 20 36 20 32 30 32
 30 38 26 38 26 40 30 40 30 46
 20 46 20 42 18 42 18 52 20 52
 20 48 30 48 30 54 26 54 26 56
 30 56 30 62 20 62 20 58 18 58
 18 62  8 62  8 56 12 56 12 50
 10 50 10 54  4 54  4 50  2 50
  2 56  6 56  6 62  0 62  0 60
  4 60  4 58  0 58  0 48  6 48
  6 52  8 52  8 48 14 48 14 58
 10 58 10 60 16 60 16 56 22 56
 22 60 28 60 28 58 24 58 24 52
 28 52 28 50 22 50 22 54 16 54
 16 40 22 40 22 44 28 44 28 42
 24 42 24 36 28 36 28 34 22 34
 22 38 16 38 16 34 10 34 10 36
 14 36 14 46  8 46  8 42  6 42
  6 46  0 46  0 36  4 36  4 34
  0 34  0 28  4 28  4 26  0 26
  0 16  6 16  6 20  8 20  8 16
 14 16 14 26 10 26 10 28 16 28
 16 24 22 24 22 28 28 28 28 26
 24 26 24 20 28 20 28 18 22 18
 22 22 16 22 16  8 22  8 22 12
 28 12 28 10 24 10 24  4 28  4
 28  2 22  2 22  6 16  6 16  2
 10  2 10  4 14  4 14 14  8 14
  8 10  6 10  6 14  0 14  0  4
  4  4  4  2  0  2
  1  1  1 61
0
