1
0.5000000
0.5000000
0.5000000
0.5000000
2
0.3333333 0.6666667
0.3333333 0.6666667
0.3333333 0.6666667
0.3333333 0.6666667
3
0.2500000 0.5000000 0.7500000
0.2500000 0.5000000 0.7500000
0.2500000 0.5000000 0.7500000
0.2500000 0.5000000 0.7500000
4
0.2000000 0.4000000 0.6000000 0.8000000
0.2000000 0.4000000 0.6000000 0.8000000
0.2000000 0.4000000 0.6000000 0.8000000
0.2000000 0.4000000 0.6000000 0.8000000
5
0.1666667 0.3333333 0.5000000 0.6666667 0.8333333
0.1666667 0.3333333 0.5000000 0.6666667 0.8333333
0.1666667 0.3333333 0.5000000 0.6666667 0.8333333
0.1666667 0.3333333 0.5000000 0.6666667 0.8333333
10
0.0909091 0.1818182 0.2727273 0.3636364 0.4545455 0.5454545 0.6363636 0.7272727 0.8181818 0.9090909
0.0909091 0.1818182 0.2727273 0.3636364 0.4545455 0.5454545 0.6363636 0.7272727 0.8181818 0.9090909
0.0909091 0.1818182 0.2727273 0.3636364 0.4545455 0.5454545 0.6363636 0.7272727 0.8181818 0.9090909
0.0909091 0.1818182 0.2727273 0.3636364 0.4545455 0.5454545 0.6363636 0.7272727 0.8181818 0.9090909
20
0.0476190 0.0952381 0.1428571 0.1904762 0.2380952 0.2857143 0.3333333 0.3809524 0.4285714 0.4761905 0.5238095 0.5714286 0.6190476 0.6666667 0.7142857 0.7619048 0.8095238 0.8571429 0.9047619 0.9523810
0.0476190 0.0952381 0.1428571 0.1904762 0.2380952 0.2857143 0.3333333 0.3809524 0.4285714 0.4761905 0.5238095 0.5714286 0.6190476 0.6666667 0.7142857 0.7619048 0.8095238 0.8571429 0.9047619 0.9523810
0.0476190 0.0952381 0.1428571 0.1904762 0.2380952 0.2857143 0.3333333 0.3809524 0.4285714 0.4761905 0.5238095 0.5714286 0.6190476 0.6666667 0.7142857 0.7619048 0.8095238 0.8571429 0.9047619 0.9523810
0.0476190 0.0952381 0.1428571 0.1904762 0.2380952 0.2857143 0.3333333 0.3809524 0.4285714 0.4761905 0.5238095 0.5714286 0.6190476 0.6666667 0.7142857 0.7619048 0.8095238 0.8571429 0.9047619 0.9523810
30
0.0322581 0.0645161 0.0967742 0.1290323 0.1612903 0.1935484 0.2258065 0.2580645 0.2903226 0.3225806 0.3548387 0.3870968 0.4193548 0.4516129 0.4838710 0.5161290 0.5483871 0.5806452 0.6129032 0.6451613 0.6774194 0.7096774 0.7419355 0.7741935 0.8064516 0.8387097 0.8709677 0.9032258 0.9354839 0.9677419
0.0322581 0.0645161 0.0967742 0.1290323 0.1612903 0.1935484 0.2258065 0.2580645 0.2903226 0.3225806 0.3548387 0.3870968 0.4193548 0.4516129 0.4838710 0.5161290 0.5483871 0.5806452 0.6129032 0.6451613 0.6774194 0.7096774 0.7419355 0.7741935 0.8064516 0.8387097 0.8709677 0.9032258 0.9354839 0.9677419
0.0322581 0.0645161 0.0967742 0.1290323 0.1612903 0.1935484 0.2258065 0.2580645 0.2903226 0.3225806 0.3548387 0.3870968 0.4193548 0.4516129 0.4838710 0.5161290 0.5483871 0.5806452 0.6129032 0.6451613 0.6774194 0.7096774 0.7419355 0.7741935 0.8064516 0.8387097 0.8709677 0.9032258 0.9354839 0.9677419
0.0322581 0.0645161 0.0967742 0.1290323 0.1612903 0.1935484 0.2258065 0.2580645 0.2903226 0.3225806 0.3548387 0.3870968 0.4193548 0.4516129 0.4838710 0.5161290 0.5483871 0.5806452 0.6129032 0.6451613 0.6774194 0.7096774 0.7419355 0.7741935 0.8064516 0.8387097 0.8709677 0.9032258 0.9354839 0.9677419
5
0.2517886 0.3527590 0.4289366 0.5015474 0.5337866
0.0425851 0.7401575 0.7834847 0.8290519 0.8800899
0.0171308 0.1915288 0.2824084 0.7418052 0.8029952
0.5546029 0.6256185 0.6760821 0.7902781 0.9758321
5
0.0563979 0.3263727 0.7270147 0.9559187 0.9762535
0.1305620 0.1965032 0.5354192 0.5750268 0.7368192
0.0367929 0.1064393 0.4276097 0.4375357 0.4509445
0.3745714 0.6117630 0.6196826 0.6338638 0.8075046
5
0.0250928 0.1511980 0.3074432 0.4187204 0.8610072
0.2185389 0.5215989 0.5823161 0.6445865 0.8611569
0.0801454 0.0897238 0.3505290 0.4319074 0.9304702
0.1905623 0.4172879 0.4774495 0.7733107 0.8653819
5
0.3231709 0.6656165 0.8611873 0.9106029 0.9760233
0.3065158 0.3775778 0.4681710 0.5258106 0.5523538
0.1234979 0.6779143 0.7518379 0.7545011 0.9984783
0.1110812 0.2228128 0.3210352 0.5736200 0.9204148
5
0.2621274 0.3036542 0.3696138 0.4702258 0.8008486
0.1631079 0.1904643 0.3944927 0.4244747 0.4601211
0.1623168 0.1668504 0.5785320 0.6464276 0.6722860
0.0283377 0.1051453 0.3191541 0.7050425 0.9129857
5
0.5264703 0.6256739 0.6676919 0.7461211 0.8652871
0.1096800 0.1162532 0.2197364 0.4824696 0.8551180
0.2943769 0.4025629 0.4618381 0.6666577 0.8244309
0.0881002 0.3508446 0.7178934 0.7565714 0.8338626
5
0.1885880 0.1988640 0.2168116 0.3310796 0.9657700
0.0240205 0.0562521 0.2666333 0.5197717 0.5704465
0.2265938 0.4865450 0.5051906 0.9126646 0.9423262
0.1166327 0.2195227 0.3449087 0.6001571 0.8910227
5
0.0236893 0.1356889 0.2638481 0.8199713 0.8826901
0.0618950 0.1844254 0.6584234 0.7511890 0.9317878
0.0506247 0.1486591 0.5485431 0.8419107 0.9070363
0.2637368 0.4437428 0.5906080 0.6025804 0.6965476
5
0.1714958 0.3102910 0.3251570 0.8485146 0.9402982
0.1087919 0.6977611 0.7464003 0.8395551 0.8490791
0.4898600 0.5591380 0.8435308 0.8746556 0.9014080
0.2873285 0.5020725 0.6624761 0.7340029 0.8363073
5
0.6083691 0.6733399 0.7449075 0.7676239 0.7746555
0.0860124 0.2620976 0.6443332 0.7473224 0.9040536
0.1378093 0.1474149 0.2212521 0.6986865 0.8868833
0.0612154 0.1170606 0.1309142 0.3075974 0.8303714
10
0.0847622 0.2517886 0.3003706 0.3527590 0.4289366 0.4964398 0.5015474 0.5337866 0.5903122 0.7274722
0.0425851 0.3719779 0.6272115 0.6638315 0.7401575 0.7834847 0.8290519 0.8521415 0.8800899 0.9681615
0.0171308 0.0430152 0.1915288 0.2824084 0.3201072 0.6175964 0.7418052 0.8029952 0.8650740 0.9995104
0.1472101 0.5546029 0.5780521 0.5811865 0.6256185 0.6760821 0.7902781 0.8141281 0.9606685 0.9758321
10
0.0563979 0.3263727 0.3829855 0.3914491 0.5381455 0.5721843 0.7095767 0.7270147 0.9559187 0.9762535
0.1305620 0.1965032 0.3921244 0.4066096 0.4754628 0.5310872 0.5354192 0.5690668 0.5750268 0.7368192
0.0367929 0.1064393 0.2187049 0.4276097 0.4375357 0.4509445 0.4814069 0.5739121 0.7824101 0.9649581
0.0837386 0.1663446 0.3745714 0.4221614 0.5710562 0.6117630 0.6196826 0.6338638 0.6957626 0.8075046
10
0.0250928 0.0596064 0.1187828 0.1511980 0.3074432 0.4187204 0.4859788 0.5380936 0.7868636 0.8610072
0.0940129 0.2185389 0.2592869 0.2870941 0.4122709 0.5215989 0.5823161 0.6445865 0.8611569 0.9610777
0.0801454 0.0897238 0.3207006 0.3505290 0.4319074 0.5302278 0.5653098 0.6427066 0.8869010 0.9304702
0.1905623 0.4172879 0.4774495 0.5587035 0.5796195 0.7733107 0.8410603 0.8653819 0.8836543 0.9338439
10
0.1907417 0.3231709 0.4331029 0.4338121 0.5279889 0.5470285 0.6656165 0.8611873 0.9106029 0.9760233
0.2011422 0.3065158 0.3775778 0.4053034 0.4324174 0.4681710 0.5155458 0.5258106 0.5523538 0.8470902
0.1234979 0.3482095 0.4865435 0.6743315 0.6779143 0.7518379 0.7545011 0.8040063 0.8088439 0.9984783
0.1110812 0.2228128 0.3210352 0.3365476 0.3451472 0.4216444 0.5736200 0.5983820 0.9204148 0.9529784
10
0.0344506 0.1300102 0.2621274 0.3036542 0.3281122 0.3696138 0.4702258 0.5946198 0.8008486 0.9371950
0.0700139 0.1429975 0.1631079 0.1904643 0.3944927 0.4244747 0.4525639 0.4601211 0.6587215 0.9682291
0.1311092 0.1623168 0.1668504 0.4428592 0.5785320 0.6464276 0.6722860 0.7307868 0.7763272 0.9653060
0.0283377 0.0934757 0.1040685 0.1051453 0.2845853 0.3191541 0.7050425 0.8066401 0.9129857 0.9721129
10
0.0778435 0.0947659 0.2702375 0.4747567 0.5264703 0.6256739 0.6676919 0.7461211 0.8652871 0.9984979
0.0848528 0.1096800 0.1162532 0.2187176 0.2197364 0.2795196 0.4727104 0.4824696 0.8551180 0.8761172
0.1266057 0.1299581 0.2943769 0.3991749 0.4025629 0.4618381 0.6527297 0.6666577 0.8244309 0.9140089
0.0881002 0.1475262 0.2681330 0.3508446 0.7178934 0.7396122 0.7565714 0.8338626 0.8504038 0.8613902
10
0.0256768 0.1885880 0.1988640 0.2168116 0.3310796 0.3697660 0.5039720 0.6540112 0.7576596 0.9657700
0.0240205 0.0267081 0.0303489 0.0562521 0.2666333 0.4305853 0.4928569 0.5197717 0.5704465 0.8424453
0.2265938 0.2319538 0.2879054 0.3554906 0.4865450 0.5051906 0.5746726 0.6969086 0.9126646 0.9423262
0.0104671 0.1166327 0.2195227 0.3449087 0.3670767 0.6001571 0.6073319 0.7296259 0.7587467 0.8910227
10
0.0236893 0.0578893 0.1356889 0.2450817 0.2638481 0.2647753 0.8199713 0.8826901 0.9131781 0.9735101
0.0618950 0.1844254 0.4053710 0.5130034 0.6584234 0.7511890 0.8419802 0.9317878 0.9685634 0.9850534
0.0506247 0.1486591 0.4492051 0.4798083 0.4966155 0.5485431 0.5634415 0.5855847 0.8419107 0.9070363
0.1243984 0.1250432 0.1911188 0.2637368 0.3642600 0.4437428 0.5906080 0.6025804 0.6965476 0.7778812
10
0.1714958 0.3102910 0.3223842 0.3251570 0.4114198 0.4617674 0.7325038 0.8485146 0.9213434 0.9402982
0.1087919 0.4019763 0.5331499 0.5395215 0.6977611 0.7166615 0.7464003 0.8395551 0.8490791 0.9104187
0.2627080 0.3588696 0.4185584 0.4898600 0.5197572 0.5591380 0.6875804 0.8435308 0.8746556 0.9014080
0.1211881 0.2873285 0.5020725 0.5453805 0.6526117 0.6624761 0.7340029 0.8363073 0.8817201 0.9879841
10
0.2199259 0.3064291 0.6083691 0.6733399 0.7315903 0.7449075 0.7676239 0.7746555 0.8656455 0.8691767
0.0860124 0.0939896 0.2136076 0.2620976 0.2795872 0.3016612 0.6443332 0.7473224 0.8522740 0.9040536
0.0412113 0.0456077 0.1378093 0.1474149 0.2212521 0.3405013 0.4760729 0.5201693 0.6986865 0.8868833
0.0612154 0.1141046 0.1170606 0.1309142 0.3075974 0.3874066 0.5645150 0.8303714 0.8509250 0.8781162
20
0.0847622 0.1741130 0.2517886 0.3003706 0.3145566 0.3253262 0.3527590 0.3573862 0.4265714 0.4289366 0.4462146 0.4964398 0.5015474 0.5280054 0.5337866 0.5903122 0.6633834 0.7274722 0.8921754 0.9267518
0.0312479 0.0425851 0.1269159 0.2078403 0.3047983 0.3719779 0.4990155 0.5405759 0.5503827 0.5896251 0.6272115 0.6638315 0.7401575 0.7576247 0.7834847 0.8258651 0.8290519 0.8521415 0.8800899 0.9681615
0.0171308 0.0430152 0.1827728 0.1915288 0.2728044 0.2736524 0.2824084 0.3201072 0.3689592 0.4748096 0.4802212 0.4846676 0.5333180 0.6175964 0.7418052 0.8029952 0.8521688 0.8650740 0.8891816 0.9995104
0.0335757 0.0811569 0.1472101 0.1520213 0.4858293 0.5202753 0.5546029 0.5780521 0.5811865 0.6032265 0.6256185 0.6760821 0.6896761 0.7474245 0.7902781 0.8141281 0.8382461 0.8442065 0.9606685 0.9758321
20
0.0563979 0.1908151 0.3263727 0.3829855 0.3914491 0.3917231 0.3944419 0.5099979 0.5381455 0.5551559 0.5721843 0.7095767 0.7270147 0.7524203 0.7948627 0.8693467 0.9029183 0.9275943 0.9559187 0.9762535
0.0463036 0.0672656 0.1305620 0.1965032 0.2164064 0.2863372 0.3921244 0.4066096 0.4754628 0.5310872 0.5329652 0.5354192 0.5479032 0.5690668 0.5750268 0.5953096 0.7368192 0.7518372 0.7907240 0.9018964
0.0351517 0.0367929 0.0823449 0.1064393 0.2187049 0.2276545 0.2367613 0.4276097 0.4375357 0.4509445 0.4814069 0.5702737 0.5739121 0.6205709 0.7824101 0.8966229 0.9238497 0.9573957 0.9649581 0.9787273
0.0589110 0.0837386 0.1663446 0.1718418 0.3745714 0.4009242 0.4221614 0.4568294 0.5710562 0.5874654 0.6117630 0.6196826 0.6338638 0.6794858 0.6957626 0.7457474 0.8075046 0.8379398 0.8782606 0.8884722
20
0.0092432 0.0250928 0.0596064 0.0932440 0.1187828 0.1511980 0.1952932 0.2378196 0.3074432 0.4187204 0.4859788 0.5380936 0.6085100 0.6112572 0.6650024 0.6810756 0.7868636 0.8610072 0.9386488 0.9807040
0.0046589 0.0940129 0.2141677 0.2185389 0.2592505 0.2592869 0.2739269 0.2870941 0.4122709 0.5215989 0.5393729 0.5823161 0.6445865 0.6500433 0.6751881 0.8018353 0.8611569 0.8847669 0.9610777 0.9884301
0.0801454 0.0897238 0.1003250 0.1825046 0.3207006 0.3505290 0.4319074 0.4328334 0.4399818 0.4497090 0.4727870 0.5302278 0.5653098 0.5740470 0.6072294 0.6104730 0.6213538 0.6427066 0.8869010 0.9304702
0.0073803 0.1121723 0.1905623 0.3929903 0.4172879 0.4774495 0.4994771 0.5238583 0.5587035 0.5796195 0.6220327 0.6666399 0.6794647 0.6957875 0.7195843 0.7733107 0.8410603 0.8653819 0.8836543 0.9338439
20
0.0679609 0.0870657 0.1907417 0.3231709 0.3765125 0.4181805 0.4331029 0.4338121 0.4345569 0.4606581 0.5279889 0.5364593 0.5470285 0.5736617 0.6240445 0.6656165 0.8611873 0.9106029 0.9281253 0.9760233
0.0098814 0.1339698 0.2011422 0.2574806 0.2748038 0.3065158 0.3775778 0.4053034 0.4324174 0.4438950 0.4512354 0.4681710 0.5155458 0.5258106 0.5523538 0.5613114 0.7047770 0.7232302 0.7824778 0.8470902
0.0059463 0.1159015 0.1234979 0.1373547 0.3243231 0.3482095 0.4758795 0.4865435 0.6441851 0.6709327 0.6743315 0.6779143 0.7518379 0.7545011 0.7833219 0.8040063 0.8088439 0.8317143 0.9668467 0.9984783
0.0836396 0.1110812 0.1851544 0.2228128 0.3210352 0.3365476 0.3451472 0.4216444 0.4614120 0.5736200 0.5754772 0.5983820 0.7066544 0.7547380 0.8234204 0.9021000 0.9204148 0.9450564 0.9468800 0.9529784
20
0.0344506 0.1300102 0.1880382 0.2388458 0.2563138 0.2621274 0.3036542 0.3281122 0.3696138 0.4702258 0.5113714 0.5388134 0.5834638 0.5946198 0.7762998 0.8008486 0.8143762 0.8556570 0.9371950 0.9788382
0.0111459 0.0700139 0.1429975 0.1631079 0.1904643 0.3944927 0.4244747 0.4525639 0.4601211 0.5103023 0.5616935 0.5724227 0.5870751 0.5927515 0.6432203 0.6587215 0.7458359 0.7739475 0.8993599 0.9682291
0.1260768 0.1311092 0.1338104 0.1535188 0.1623168 0.1668504 0.2898084 0.3114684 0.3438400 0.3905388 0.4428592 0.4609064 0.5785320 0.6464276 0.6722860 0.6811408 0.7307868 0.7763272 0.7820940 0.9653060
0.0283377 0.0934757 0.1040685 0.1051453 0.1247353 0.1473305 0.1598989 0.1705285 0.2845853 0.3191541 0.5346685 0.5620533 0.7050425 0.7466689 0.7482761 0.7524049 0.8066401 0.9031125 0.9129857 0.9721129
20
0.0006047 0.0414983 0.0519695 0.0778435 0.0946175 0.0947659 0.2330035 0.2702375 0.4747567 0.5264703 0.6256739 0.6676919 0.7461211 0.7556003 0.8536471 0.8652871 0.8706107 0.8821035 0.9415195 0.9984979
0.0658796 0.0848528 0.1096800 0.1162532 0.2187176 0.2197364 0.2795196 0.3031684 0.3318988 0.4001568 0.4727104 0.4817904 0.4824696 0.5835700 0.6064600 0.7631240 0.7654172 0.8551180 0.8761172 0.8993464
0.0036585 0.0428577 0.1266057 0.1299581 0.1966513 0.2943769 0.2986901 0.3844697 0.3991749 0.4025629 0.4618381 0.4842989 0.6527297 0.6666577 0.7180965 0.7751313 0.7762741 0.8244309 0.9140089 0.9549661
0.0881002 0.0957354 0.1475262 0.2307478 0.2361582 0.2459166 0.2681330 0.3113978 0.3508446 0.3693686 0.3960006 0.5579298 0.7178934 0.7396122 0.7565714 0.7866834 0.8332490 0.8338626 0.8504038 0.8613902
20
0.0256768 0.1807432 0.1885880 0.1988640 0.2168116 0.3310796 0.3697660 0.4384684 0.4789748 0.5039720 0.6540112 0.6778636 0.6950008 0.7200836 0.7207520 0.7576596 0.7623832 0.8476252 0.9413424 0.9657700
0.0085221 0.0240205 0.0267081 0.0303489 0.0562521 0.0619249 0.1206133 0.2177449 0.2386201 0.2666333 0.3430101 0.4305853 0.4928569 0.5197717 0.5704465 0.7619501 0.7643105 0.7755549 0.8424453 0.9599825
0.1597238 0.2265938 0.2319538 0.2535402 0.2879054 0.3554906 0.4264714 0.4490258 0.4865450 0.5051906 0.5226118 0.5746726 0.6969086 0.7175086 0.7550522 0.8347874 0.8628438 0.8670558 0.9126646 0.9423262
0.0104671 0.1118195 0.1166327 0.1766839 0.2195227 0.3124175 0.3183707 0.3449087 0.3670767 0.5191675 0.5583831 0.6001571 0.6073319 0.6214727 0.7296259 0.7587467 0.8266979 0.8745195 0.8910227 0.9571647
20
0.0236893 0.0578893 0.1356889 0.2277477 0.2450817 0.2638481 0.2647753 0.3348849 0.3980461 0.4025205 0.4484821 0.5127449 0.6432809 0.8199713 0.8763321 0.8826901 0.9131781 0.9164513 0.9375389 0.9735101
0.0171322 0.0618950 0.0770834 0.1024862 0.1753470 0.1844254 0.2207318 0.2722538 0.4053710 0.5130034 0.5173898 0.6584234 0.7511890 0.8419802 0.9317878 0.9536994 0.9675398 0.9685634 0.9850534 0.9999918
0.0023659 0.0506247 0.0766687 0.0980067 0.1486591 0.1852759 0.2083903 0.4313587 0.4492051 0.4798083 0.4966155 0.5290363 0.5403727 0.5485431 0.5634415 0.5855847 0.7959515 0.8419107 0.9070363 0.9430855
0.1243984 0.1250432 0.1911188 0.2356344 0.2637368 0.3642600 0.4376412 0.4437428 0.4567212 0.5410060 0.5906080 0.6025804 0.6403120 0.6684128 0.6965476 0.7778812 0.8469448 0.8667124 0.8860184 0.9173444
20
0.0959910 0.1022926 0.1063850 0.1714958 0.2019634 0.2942930 0.3102910 0.3141958 0.3223842 0.3251570 0.4114198 0.4389366 0.4617674 0.5263874 0.7325038 0.8485146 0.9026906 0.9213434 0.9402982 0.9496862
0.1087919 0.2300807 0.2430967 0.2699539 0.4019763 0.5331499 0.5395215 0.5845251 0.6795135 0.6896539 0.6977611 0.7166615 0.7464003 0.8395551 0.8490791 0.8619623 0.9078895 0.9104187 0.9155467 0.9728547
0.1805440 0.2627080 0.3588696 0.3968440 0.4148756 0.4185584 0.4371452 0.4898600 0.5197572 0.5357644 0.5591380 0.5773284 0.5805928 0.6875804 0.7268660 0.7337552 0.8435308 0.8746556 0.9014080 0.9435936
0.0007629 0.0429497 0.0724169 0.1211881 0.1426397 0.2873285 0.3796609 0.5020725 0.5120061 0.5453805 0.6526117 0.6624761 0.7165713 0.7228693 0.7340029 0.8363073 0.8817201 0.9067269 0.9620185 0.9879841
20
0.1860655 0.2199259 0.2345923 0.3064291 0.5004243 0.5397691 0.5630887 0.5644875 0.6083691 0.6733399 0.6792371 0.7315903 0.7449075 0.7676239 0.7746555 0.8250271 0.8656455 0.8678423 0.8691767 0.9554447
0.0860124 0.0939896 0.0998744 0.1382952 0.2136076 0.2345664 0.2620976 0.2795872 0.2848144 0.3016612 0.5023748 0.5227756 0.6443332 0.6451612 0.6772436 0.6799548 0.7473224 0.8522740 0.8730736 0.9040536
0.0412113 0.0456077 0.1106941 0.1378093 0.1474149 0.2135093 0.2212521 0.3405013 0.3697257 0.3770633 0.4760729 0.5201693 0.5651365 0.6097861 0.6142841 0.6986865 0.8115437 0.8862529 0.8868833 0.9312049
0.0612154 0.0909090 0.1141046 0.1170606 0.1309142 0.2767590 0.2896538 0.2978890 0.3075974 0.3874066 0.5638846 0.5645150 0.6951062 0.7346414 0.7928306 0.8285582 0.8303714 0.8502650 0.8509250 0.8781162
30
0.0847622 0.0932118 0.0946258 0.1009182 0.1741130 0.1937922 0.2112838 0.2517886 0.3003706 0.3145566 0.3253262 0.3527590 0.3573862 0.3903098 0.4011690 0.4218998 0.4265714 0.4289366 0.4462146 0.4964398 0.5015474 0.5280054 0.5337866 0.5903122 0.6633834 0.7274722 0.8328302 0.8921754 0.9267518 0.9686562
0.0157467 0.0312479 0.0425851 0.0965035 0.1077795 0.1269159 0.2078403 0.3047983 0.3719779 0.4007347 0.4990155 0.5405759 0.5503827 0.5632375 0.5761943 0.5896251 0.6000655 0.6272115 0.6638315 0.6673791 0.6677639 0.7401575 0.7576247 0.7834847 0.8258651 0.8290519 0.8521415 0.8800899 0.8832019 0.9681615
0.0171308 0.0430152 0.0568396 0.0603296 0.0624392 0.1528400 0.1827728 0.1915288 0.2336924 0.2728044 0.2736524 0.2824084 0.3201072 0.3689592 0.4748096 0.4802212 0.4846676 0.5261552 0.5333180 0.6175964 0.6209796 0.6951780 0.7418052 0.7624116 0.8029952 0.8521688 0.8650740 0.8891816 0.9209912 0.9995104
0.0335757 0.0427849 0.0811569 0.1472101 0.1520213 0.2626069 0.3199653 0.3907821 0.4723277 0.4858293 0.5202753 0.5546029 0.5780521 0.5811865 0.5826649 0.6032265 0.6256185 0.6744465 0.6760821 0.6896761 0.7067425 0.7474245 0.7902781 0.8083805 0.8141281 0.8382461 0.8442065 0.8746985 0.9606685 0.9758321
30
0.0563979 0.0964239 0.1908151 0.1962291 0.3263727 0.3716155 0.3829855 0.3914491 0.3917231 0.3944419 0.4872131 0.4955435 0.5099979 0.5381455 0.5551559 0.5594751 0.5721843 0.6145687 0.6271519 0.7095767 0.7270147 0.7524203 0.7948627 0.7953031 0.8206115 0.8693467 0.9029183 0.9275943 0.9559187 0.9762535
0.0042656 0.0463036 0.0672656 0.0921328 0.1235904 0.1305620 0.1965032 0.2164064 0.2683932 0.2863372 0.3464708 0.3544780 0.3921244 0.4066096 0.4382472 0.4754628 0.5310872 0.5329652 0.5354192 0.5431788 0.5479032 0.5690668 0.5750268 0.5795764 0.5953096 0.7368192 0.7518372 0.7575640 0.7907240 0.9018964
0.0351517 0.0367929 0.0823449 0.0903093 0.0988141 0.1064393 0.2187049 0.2276545 0.2367613 0.2741409 0.2995417 0.3245349 0.3427065 0.3461609 0.4276097 0.4375357 0.4509445 0.4814069 0.5229149 0.5702737 0.5739121 0.6205709 0.7427477 0.7824101 0.8966229 0.8983473 0.9238497 0.9573957 0.9649581 0.9787273
0.0589110 0.0781266 0.0837386 0.0992122 0.1663446 0.1718418 0.3292182 0.3745714 0.4009242 0.4221614 0.4568294 0.5710562 0.5874654 0.6114846 0.6117630 0.6196826 0.6338638 0.6342986 0.6794858 0.6957626 0.7457474 0.7532322 0.8075046 0.8379398 0.8439486 0.8531950 0.8782606 0.8884722 0.9290950 0.9978282
30
0.0092432 0.0250928 0.0596064 0.0932440 0.0982220 0.1187828 0.1511980 0.1811744 0.1952932 0.2193232 0.2378196 0.2856476 0.3074432 0.4187204 0.4859788 0.5380936 0.6085100 0.6112572 0.6295792 0.6385336 0.6587656 0.6650024 0.6735228 0.6810756 0.7868636 0.8388276 0.8610072 0.9378020 0.9386488 0.9807040
0.0046589 0.0940129 0.1936585 0.2091153 0.2141677 0.2185389 0.2592505 0.2592869 0.2739269 0.2870941 0.3950413 0.4122709 0.5165017 0.5215989 0.5393729 0.5823161 0.5964381 0.6445865 0.6500433 0.6751881 0.6806421 0.8018353 0.8257541 0.8611569 0.8847669 0.9150625 0.9226217 0.9372581 0.9610777 0.9884301
0.0801454 0.0810202 0.0897238 0.1003250 0.1248386 0.1555406 0.1825046 0.2398070 0.3160686 0.3207006 0.3505290 0.4319074 0.4328334 0.4399818 0.4497090 0.4727870 0.5302278 0.5630022 0.5653098 0.5740470 0.5887402 0.6072294 0.6104730 0.6213538 0.6427066 0.6544634 0.8835538 0.8869010 0.9299102 0.9304702
0.0022767 0.0073803 0.1121723 0.1905623 0.2301715 0.3384711 0.3439479 0.3929903 0.3938987 0.4172879 0.4774495 0.4994771 0.5238583 0.5487503 0.5587035 0.5796195 0.6157595 0.6220327 0.6463743 0.6666399 0.6794647 0.6957875 0.7195843 0.7733107 0.7997219 0.8410603 0.8653819 0.8836543 0.9338439 0.9528715
30
0.0235805 0.0331589 0.0392057 0.0630865 0.0679609 0.0870657 0.1000201 0.1661197 0.1907417 0.1975509 0.3231709 0.3319361 0.3765125 0.4181805 0.4331029 0.4338121 0.4345569 0.4606581 0.5279889 0.5364593 0.5470285 0.5736617 0.6180349 0.6240445 0.6656165 0.8611873 0.9106029 0.9281253 0.9441433 0.9760233
0.0098814 0.1339698 0.2011422 0.2574806 0.2748038 0.2970302 0.3065158 0.3241962 0.3313374 0.3775778 0.3830514 0.4053034 0.4324174 0.4438950 0.4512354 0.4681710 0.4700178 0.5155458 0.5258106 0.5523538 0.5613114 0.7047770 0.7232302 0.7824778 0.8412558 0.8464054 0.8470902 0.9408706 0.9588710 0.9799834
0.0059463 0.0115395 0.1159015 0.1234979 0.1373547 0.2186175 0.2894307 0.3243231 0.3482095 0.4192927 0.4571083 0.4758795 0.4865435 0.5136595 0.6441851 0.6682935 0.6709327 0.6743315 0.6779143 0.7267623 0.7518379 0.7545011 0.7833219 0.8040063 0.8088439 0.8317143 0.8529455 0.9668467 0.9760219 0.9984783
0.0019168 0.0104360 0.0836396 0.1110812 0.1534988 0.1851544 0.2228128 0.3210352 0.3365476 0.3451472 0.3477240 0.3839420 0.3930688 0.4216444 0.4395536 0.4614120 0.5736200 0.5754772 0.5983820 0.6338516 0.7066544 0.7547380 0.8234204 0.8462116 0.9021000 0.9079148 0.9204148 0.9450564 0.9468800 0.9529784
30
0.0167466 0.0344506 0.1018182 0.1300102 0.1510650 0.1532534 0.1659466 0.1761490 0.1880382 0.2388458 0.2563138 0.2621274 0.2873454 0.3036542 0.3281122 0.3696138 0.4702258 0.5113714 0.5388134 0.5834638 0.5946198 0.6026390 0.7260702 0.7363362 0.7762998 0.8008486 0.8143762 0.8556570 0.9371950 0.9788382
0.0111459 0.0700139 0.0963727 0.1429975 0.1631079 0.1904643 0.2535047 0.2690491 0.3652395 0.3944927 0.4244747 0.4525639 0.4601211 0.4737815 0.4816947 0.5103023 0.5166711 0.5616935 0.5724227 0.5870751 0.5927515 0.6432203 0.6587215 0.7458359 0.7508515 0.7739475 0.7743359 0.8240795 0.8993599 0.9682291
0.0092004 0.0111576 0.0770508 0.1171508 0.1260768 0.1311092 0.1338104 0.1535188 0.1623168 0.1668504 0.2898084 0.3114684 0.3438400 0.3905388 0.4428592 0.4530332 0.4609064 0.5785320 0.6159032 0.6406768 0.6464276 0.6722860 0.6744096 0.6811408 0.7307868 0.7763272 0.7820940 0.7827716 0.8457736 0.9653060
0.0283377 0.0934757 0.1040685 0.1051453 0.1247353 0.1473305 0.1598989 0.1705285 0.2845853 0.3191541 0.3569769 0.4550833 0.4843681 0.5322257 0.5346685 0.5620533 0.6769241 0.7050425 0.7466689 0.7482761 0.7524049 0.7858965 0.8066401 0.8629581 0.8927013 0.9004893 0.9031125 0.9129857 0.9130989 0.9721129
30
0.0006047 0.0234863 0.0414983 0.0519695 0.0778435 0.0946175 0.0947659 0.1036163 0.1360103 0.2330035 0.2611347 0.2702375 0.3083127 0.4154583 0.4747567 0.5116043 0.5189363 0.5264703 0.5707743 0.6256739 0.6676919 0.7461211 0.7556003 0.8536471 0.8652871 0.8685691 0.8706107 0.8821035 0.9415195 0.9984979
0.0134724 0.0658796 0.0848528 0.1096800 0.1162532 0.2187176 0.2197364 0.2795196 0.3031684 0.3318988 0.3381656 0.3463400 0.4001568 0.4141184 0.4727104 0.4817904 0.4824696 0.5217196 0.5835700 0.6064600 0.6391932 0.7631240 0.7654172 0.7896084 0.8164452 0.8551180 0.8678608 0.8761172 0.8993464 0.9879472
0.0036585 0.0428577 0.1266057 0.1299581 0.1966513 0.2377729 0.2943769 0.2986901 0.3053317 0.3469257 0.3474729 0.3813561 0.3844697 0.3991749 0.4025629 0.4295229 0.4618381 0.4719021 0.4842989 0.6527297 0.6666577 0.6789745 0.7180965 0.7751313 0.7762741 0.8244309 0.8917109 0.9140089 0.9549661 0.9845197
0.0881002 0.0957354 0.1475262 0.1598850 0.2307478 0.2361582 0.2459166 0.2681330 0.2775474 0.3113978 0.3434122 0.3508446 0.3693686 0.3960006 0.4170366 0.5579298 0.6178650 0.6726990 0.7178934 0.7396122 0.7565714 0.7866834 0.8180014 0.8332490 0.8338626 0.8504038 0.8613902 0.9230178 0.9379414 0.9391910
30
0.0256768 0.1054144 0.1807432 0.1885880 0.1988640 0.2168116 0.2627032 0.3310796 0.3697660 0.4384684 0.4789748 0.5039720 0.5622716 0.6329840 0.6540112 0.6778636 0.6950008 0.7023140 0.7137644 0.7200836 0.7207520 0.7358632 0.7576596 0.7623832 0.8141700 0.8476252 0.8693204 0.9196304 0.9413424 0.9657700
0.0085221 0.0103049 0.0240205 0.0267081 0.0303489 0.0562521 0.0619249 0.1206133 0.1536305 0.2028653 0.2139773 0.2177449 0.2386201 0.2666333 0.2925877 0.3430101 0.4305853 0.4592233 0.4928569 0.5197717 0.5704465 0.5963073 0.6154765 0.7619501 0.7643105 0.7755549 0.7966917 0.8263673 0.8424453 0.9599825
0.0132722 0.1090122 0.1597238 0.2265938 0.2319538 0.2535402 0.2741478 0.2808982 0.2879054 0.3279010 0.3554906 0.4264714 0.4490258 0.4865450 0.5051906 0.5226118 0.5746726 0.6455614 0.6594446 0.6857454 0.6969086 0.7175086 0.7183514 0.7550522 0.8347874 0.8628438 0.8670558 0.9126646 0.9423262 0.9578818
0.0099003 0.0104671 0.0621747 0.0707267 0.1118195 0.1166327 0.1766839 0.2195227 0.3124175 0.3183707 0.3416215 0.3449087 0.3670767 0.4322991 0.5191675 0.5583831 0.6001571 0.6073319 0.6130515 0.6214727 0.6271179 0.7296259 0.7340455 0.7587467 0.7730447 0.8266979 0.8745195 0.8910227 0.9335839 0.9571647
30
0.0236893 0.0578893 0.1072125 0.1356889 0.2128817 0.2277477 0.2450817 0.2638481 0.2647753 0.3348849 0.3980461 0.4025205 0.4052021 0.4484821 0.5127449 0.6432809 0.8199713 0.8297613 0.8446801 0.8494217 0.8542657 0.8567545 0.8763321 0.8826901 0.9131781 0.9164513 0.9375389 0.9601221 0.9735101 0.9986669
0.0171322 0.0618950 0.0634558 0.0770834 0.1024862 0.1628726 0.1753470 0.1844254 0.2058254 0.2207318 0.2722538 0.4043842 0.4053710 0.5130034 0.5173898 0.6383462 0.6438934 0.6584234 0.6788642 0.7174602 0.7511890 0.8419802 0.8462746 0.9317878 0.9536994 0.9675398 0.9685634 0.9850534 0.9869810 0.9999918
0.0023659 0.0506247 0.0588875 0.0766687 0.0980067 0.1486591 0.1614019 0.1852759 0.2083903 0.2235987 0.2756531 0.3263135 0.3830063 0.4313587 0.4492051 0.4798083 0.4966155 0.5290363 0.5403727 0.5485431 0.5634415 0.5855847 0.5970215 0.6796087 0.7959515 0.8419107 0.8828219 0.9070363 0.9322647 0.9430855
0.1243984 0.1250432 0.1911188 0.1918992 0.2356344 0.2637368 0.3178532 0.3642600 0.4376412 0.4437428 0.4501312 0.4529668 0.4567212 0.4936664 0.5410060 0.5906080 0.6025804 0.6363708 0.6403120 0.6684128 0.6763884 0.6965476 0.7280880 0.7778812 0.7805352 0.8469448 0.8639060 0.8667124 0.8860184 0.9173444
30
0.0959910 0.1022926 0.1063850 0.1090106 0.1714958 0.1843810 0.2019634 0.2386814 0.2513798 0.2942930 0.3102910 0.3141958 0.3223842 0.3251570 0.3643498 0.3882070 0.4114198 0.4389366 0.4617674 0.4882570 0.5263874 0.6115934 0.7325038 0.7993362 0.8392110 0.8485146 0.9026906 0.9213434 0.9402982 0.9496862
0.0627151 0.0962419 0.1087919 0.1501403 0.2300807 0.2430967 0.2699539 0.3633239 0.3992299 0.4019763 0.5329251 0.5331499 0.5395215 0.5845251 0.6795135 0.6896539 0.6977611 0.7166615 0.7464003 0.7984635 0.8332863 0.8343239 0.8395551 0.8490791 0.8619623 0.9078895 0.9104187 0.9155467 0.9619039 0.9728547
0.0476612 0.1805440 0.1807708 0.2627080 0.3588696 0.3968440 0.4148756 0.4185584 0.4256072 0.4371452 0.4847456 0.4898600 0.5197572 0.5357644 0.5436148 0.5591380 0.5773284 0.5805928 0.6139256 0.6529708 0.6875804 0.7268660 0.7337552 0.7877528 0.7882636 0.8435308 0.8436272 0.8746556 0.9014080 0.9435936
0.0007629 0.0429497 0.0724169 0.1211881 0.1426397 0.2873285 0.3428765 0.3796609 0.5020725 0.5120061 0.5453805 0.5921237 0.6456237 0.6526117 0.6624761 0.6831313 0.7165713 0.7228693 0.7340029 0.7710197 0.8270249 0.8363073 0.8817201 0.8973465 0.9067269 0.9087205 0.9514993 0.9620185 0.9666785 0.9879841
30
0.0103051 0.1108087 0.1467527 0.1860655 0.2199259 0.2345923 0.3064291 0.3810475 0.3943699 0.4086399 0.4783975 0.5004243 0.5397691 0.5630887 0.5644875 0.6083691 0.6733399 0.6792371 0.7315903 0.7449075 0.7676239 0.7746555 0.8241563 0.8250271 0.8656455 0.8678423 0.8691767 0.9269923 0.9418351 0.9554447
0.0226792 0.0860124 0.0939896 0.0967548 0.0998744 0.1382952 0.2136076 0.2345664 0.2620976 0.2795872 0.2848144 0.3016612 0.3462092 0.4870840 0.5023748 0.5093000 0.5208224 0.5227756 0.5598436 0.6051920 0.6214164 0.6443332 0.6451612 0.6772436 0.6799548 0.7473224 0.8522740 0.8730736 0.9040536 0.9409076
0.0412113 0.0456077 0.0866693 0.1106941 0.1378093 0.1474149 0.2135093 0.2212521 0.3405013 0.3519069 0.3697257 0.3746977 0.3770633 0.4606809 0.4760729 0.5128849 0.5201693 0.5651365 0.6097861 0.6142841 0.6283669 0.6442625 0.6898125 0.6986865 0.7609161 0.8115437 0.8862529 0.8868833 0.9312049 0.9521981
0.0493914 0.0612154 0.0909090 0.1141046 0.1170606 0.1309142 0.2241862 0.2767590 0.2896538 0.2978890 0.3075974 0.3874066 0.4832258 0.5638846 0.5645150 0.6381746 0.6548766 0.6951062 0.7018998 0.7110994 0.7346414 0.7577294 0.7928306 0.8285582 0.8303714 0.8502650 0.8509250 0.8735146 0.8781162 0.9829158
0
