1 1000 5 4
2 97 3 3 3 3
2 100 3 3 3 3
10 1263 6 1 2 8 7 2 9 6 5 5 1 9 4 7 10 3 3 11 8 4
10 1264 6 1 2 8 7 2 9 6 5 5 1 9 4 7 10 3 3 11 8 4
10 5499 9 2 8 10 1 9 3 4 6 8 7 3 5 5 2 1 10 7 4 6
10 5500 9 2 8 10 1 9 3 4 6 8 7 3 5 5 2 1 10 7 4 6
10 1000 3 16 9 16 7 9 6 7 7 9 16 3 13 13 5 15 6 9 8 6
10 1001 3 16 9 16 7 9 6 7 7 9 16 3 13 13 5 15 6 9 8 6
10 2500 2 5 3 3 15 1 8 11 9 16 6 10 3 4 16 3 15 13 3 12
10 2500 2 5 3 3 15 1 8 11 9 16 6 10 3 4 16 3 15 13 3 12
10 2510 2 5 3 3 15 1 8 11 9 16 6 10 3 4 16 3 15 13 3 12
10 2520 2 5 3 3 15 1 8 11 9 16 6 10 3 4 16 3 15 13 3 12
0
