4
0.00000 0.00000 0.00000
0.01111 0.00000 0.00000
0.02222 0.00000 0.00000
0.03333 0.00000 0.00000
4
100.00000 100.00000 100.00000
100.00000 99.98000 100.00000
100.00000 99.99000 99.98268
100.00000 99.99000 99.99433
4
99.99000 99.99000 0.00000
99.99000 100.00000 0.01000
100.00000 99.99000 0.01000
100.00000 100.00000 0.00000
4
0.00000 0.00000 0.00000
0.00000 0.03000 0.03000
0.02000 0.03000 0.03000
0.02000 0.00000 0.00000
8
0.00000 0.00000 0.00000
0.00000 0.00000 100.00000
0.00000 100.00000 0.00000
0.00000 100.00000 100.00000
100.00000 0.00000 0.00000
100.00000 0.00000 100.00000
100.00000 100.00000 0.00000
100.00000 100.00000 100.00000
4
0.00000 50.00000 100.00000
50.00000 100.00000 0.00000
100.00000 0.00000 50.00000
50.00000 50.00000 50.00000
4
0.00000 0.00000 0.00000
0.00000 100.00000 100.00000
100.00000 0.00000 100.00000
100.00000 100.00000 0.00000
6
100.00000 100.00000 100.00000
0.00000 0.00000 0.01000
0.00000 0.01000 0.00000
60.00000 50.00000 50.00000
50.00000 60.00000 50.00000
50.00000 50.00000 60.00000
30
0.00000 100.00000 0.00000
3.44828 96.55172 3.44828
6.89655 93.10345 6.89655
10.34483 89.65517 10.34483
13.79310 86.20690 13.79310
17.24138 82.75862 17.24138
20.68966 79.31034 20.68966
24.13793 75.86207 24.13793
27.58621 72.41379 27.58621
31.03448 68.96552 31.03448
34.48276 65.51724 34.48276
37.93103 62.06897 37.93103
41.37931 58.62069 41.37931
44.82759 55.17241 44.82759
48.27586 51.72414 48.27586
51.72414 48.27586 51.72414
55.17241 44.82759 55.17241
58.62069 41.37931 58.62069
62.06897 37.93103 62.06897
65.51724 34.48276 65.51724
68.96552 31.03448 68.96552
72.41379 27.58621 72.41379
75.86207 24.13793 75.86207
79.31034 20.68966 79.31034
82.75862 17.24138 82.75862
86.20690 13.79310 86.20690
89.65517 10.34483 89.65517
93.10345 6.89655 93.10345
96.55172 3.44828 96.55172
100.00000 0.00000 100.00000
30
96.71332 38.27329 36.91749
58.38206 40.72152 4.86938
38.24731 0.86337 58.42947
32.38200 34.82239 33.53299
43.80497 21.05383 62.23291
84.58018 26.80606 56.32593
41.99466 20.59779 47.13228
63.51923 49.76809 53.25811
55.19815 50.75958 4.83705
32.42936 6.15950 26.61816
74.44681 53.94569 80.10172
73.18366 19.54614 3.35462
24.94598 23.07945 52.59719
78.21454 59.50645 62.31371
91.87781 26.04738 42.45458
44.47500 4.26193 27.12456
38.97561 41.64494 40.22182
84.16513 5.05480 66.71737
98.04654 49.95776 53.11289
72.91402 13.73515 88.89199
76.46220 4.20826 59.47014
83.69205 26.59603 15.72728
71.60084 30.85408 47.13800
83.70360 26.94544 22.64083
49.08895 36.27409 52.85915
40.96984 52.28979 35.70769
48.75378 35.65410 41.63327
64.48106 20.26171 36.13453
56.14623 49.40797 22.51361
99.02230 21.00882 53.36769
30
46.16030 19.73422 41.33752
27.15618 28.60135 93.44649
74.96053 2.85382 29.72058
52.98321 43.82366 82.01037
88.69090 54.83088 57.51022
99.51988 44.11452 9.47228
14.55712 92.86830 70.28990
81.35391 57.34936 90.55162
17.48845 38.65911 39.95959
40.00206 62.84493 86.13193
18.53327 9.00523 5.86616
85.03431 61.32494 59.63103
3.64432 61.44899 62.48485
33.36491 14.43220 31.47203
40.53880 28.28663 86.30292
23.21255 27.80651 55.58096
57.84835 42.36363 48.44926
28.13825 23.71754 30.96214
43.85339 66.36951 94.78478
8.97651 6.37157 57.62971
95.10844 50.06836 66.63495
26.13812 35.10268 53.12341
85.76915 38.74700 39.73592
73.41752 97.27543 79.33165
4.88956 37.81424 7.61828
16.35600 86.19031 35.42479
71.93696 44.03866 2.95194
45.54974 72.17691 51.83300
76.51188 16.03031 43.36604
71.29666 50.17034 49.73761
30
28.92638 45.27878 99.80598
20.72485 71.41691 60.07218
99.01178 82.34958 98.81918
38.74770 55.76711 96.09462
43.24287 85.82019 59.07238
50.86115 27.33971 45.26269
11.44946 99.27667 89.30135
39.56492 69.98993 86.64178
16.56145 71.66533 27.83561
59.92749 68.12552 78.00595
9.66510 97.05190 23.28474
34.63460 42.94027 19.86517
94.70678 67.11557 2.21475
18.68949 31.02679 83.14538
14.78411 74.26967 94.12909
99.02001 25.13082 21.46880
44.28270 61.74381 45.90899
58.74757 1.30873 15.89892
70.55287 17.87018 87.56426
98.38849 77.79767 55.68978
76.39444 12.62630 77.90520
24.84270 47.26090 46.00899
44.70787 67.13121 13.12456
72.08615 85.82070 69.31487
80.39505 0.60481 43.58454
74.52415 24.78834 93.87889
95.99295 94.23456 55.62270
67.06547 52.98213 56.93143
82.96439 48.69852 74.80162
95.69217 47.08701 52.59929
30
76.54547 48.64498 90.38911
79.61419 98.65120 37.65002
25.62318 68.52260 4.78123
63.91126 40.60875 90.60193
33.22614 46.16732 16.37026
1.97420 20.69147 41.15860
95.85309 41.84795 35.39316
51.47579 34.07694 13.53881
8.40723 17.04133 87.40085
8.37237 37.89703 34.48787
86.13518 14.44250 8.29637
76.52430 94.05670 6.94757
39.33784 44.84340 0.63369
44.11907 8.75467 41.24244
59.88452 67.14433 12.57329
1.41830 69.11853 58.42828
67.74042 64.97163 0.27623
28.29710 41.61094 59.51669
66.99943 50.01817 76.55803
54.40028 83.55406 39.61858
14.05167 69.68925 79.22460
22.34804 71.37707 73.28130
54.45914 10.71491 43.28823
55.09283 54.83398 52.04290
21.49880 39.88202 44.35075
34.07209 41.30032 13.46928
17.66389 34.20426 3.60443
17.94013 62.50136 45.21538
77.45682 29.50079 20.39707
79.17837 83.90107 3.95114
30
43.96047 23.11627 98.80391
23.18508 70.62783 70.18098
21.62990 25.08697 80.89589
64.91813 5.34333 35.72987
42.12455 52.00565 0.77541
86.47530 11.24126 67.23925
25.10811 28.90515 1.44351
53.87606 72.00880 89.10839
99.09144 74.62915 18.60918
19.48852 78.97104 27.67377
48.60318 22.93152 50.79004
47.40709 46.11660 46.58140
17.58807 92.91002 96.83189
98.48396 57.82816 2.17522
59.37735 25.11623 54.18087
60.15276 11.59154 90.58565
52.55553 61.86317 19.49081
53.99904 15.73923 91.49961
43.10743 39.99420 66.12876
86.88013 59.48272 45.09981
39.71742 33.24942 68.03133
15.67099 80.65651 39.31145
62.25239 98.24458 32.22147
59.08428 21.89206 15.21315
61.25951 81.26941 40.32939
40.60390 66.58569 77.08445
56.35308 44.30474 38.94762
75.84389 98.30378 79.85037
67.34350 66.57473 19.84457
58.63579 78.61838 4.49081
30
3.73560 18.33580 37.74023
96.93045 34.00679 18.39674
61.40542 96.25918 41.80484
93.62689 80.50699 88.86042
8.84005 66.93002 95.29335
74.33296 7.53392 87.04256
51.41741 89.05052 31.34730
90.36503 64.89441 54.81460
70.21540 32.23792 21.38933
15.22350 16.03723 25.17123
19.71431 19.77283 43.50704
57.45455 41.86680 77.51383
1.01481 3.27222 98.93654
42.81966 22.06263 79.44353
56.84360 30.90268 46.37355
52.13696 30.39916 79.07099
39.17952 81.81657 68.12152
70.52683 97.34512 58.17945
25.34143 92.72405 15.58089
71.89429 7.94755 31.61812
97.06552 27.66186 51.39095
40.57256 10.27993 93.25775
43.24992 11.29475 21.69349
67.34998 79.27793 43.75613
71.95703 36.12153 99.82233
18.33058 88.25849 30.22150
22.56509 52.60154 12.03807
15.85013 23.12837 34.54672
74.02959 73.63332 27.27077
89.61048 45.52761 60.38184
30
25.05283 69.90033 61.66182
57.41353 61.13950 76.99979
21.26434 61.14894 84.91132
36.04747 50.04378 49.47416
24.71652 40.36769 83.44191
26.27476 61.99341 53.68580
29.14839 48.27512 51.41911
16.53124 46.24635 69.47774
16.45919 57.62526 78.17535
19.69583 50.79765 58.05285
22.87166 50.51230 54.71511
23.37719 39.24040 80.26537
42.39470 36.75438 58.36409
23.33887 51.65932 88.38128
46.26706 58.16674 91.06401
26.13799 73.24044 71.04289
24.91159 36.94064 78.18098
21.94839 44.20196 58.52977
38.30102 31.89175 71.49026
52.56747 47.06986 85.64980
26.58741 41.50110 56.36730
21.54157 40.73736 62.93751
55.64191 66.25610 69.64226
49.80280 66.99551 84.10061
34.25673 63.79238 51.56412
27.14696 64.37201 54.41828
40.61834 67.03690 53.61917
26.09556 66.48103 56.65574
24.46606 39.26637 60.71837
45.90540 33.64292 71.66970
30
46.75478 32.86959 52.94650
46.19488 52.98259 54.91326
48.66914 48.98778 51.50220
39.02234 35.54375 59.04293
22.97762 36.03315 43.92589
79.73463 42.02928 71.69724
53.90444 81.80018 58.38043
40.69760 56.95542 10.35792
50.40172 50.29641 50.01634
31.01674 35.64972 16.78594
62.66471 84.07739 71.44374
64.30344 45.85571 39.83200
55.84672 48.72344 58.37045
52.33998 49.38936 47.40598
25.19924 68.91347 25.01987
22.94668 36.46837 52.07262
75.57809 24.37732 40.56916
49.32287 60.12988 67.03416
52.59691 52.03898 52.33845
37.90606 60.29403 49.72693
44.86306 43.97759 57.55019
50.18219 45.46562 49.00725
52.38130 51.46709 45.09737
62.05565 60.88017 33.32400
69.74030 52.89665 81.94340
46.83142 52.73221 44.21074
35.06272 75.63450 9.75389
9.42647 36.74108 76.03822
96.44962 61.99489 64.09094
79.72184 58.93105 10.79735
30
20.48511 49.56948 62.06427
78.39839 86.55934 16.70504
47.60385 96.60124 22.99772
71.58794 67.89337 30.62880
41.18244 73.63238 39.34760
12.82659 24.38282 80.23967
19.06279 41.35009 67.56483
80.47828 10.57012 61.46662
82.09892 33.34483 47.15353
88.96955 57.32127 30.01942
89.56850 60.22335 28.03859
79.59593 45.02448 41.14694
52.48451 27.74699 62.35800
10.54450 64.90611 56.83853
81.87993 3.87568 64.92262
49.22816 2.36504 78.88971
53.44515 27.62655 62.04601
88.92439 1.04900 63.80085
24.22779 60.51232 54.00149
68.94237 65.41022 33.17692
34.14470 81.76896 37.28074
89.79304 53.20749 32.15829
23.11905 70.27132 48.58959
63.77761 5.21798 71.35817
3.61615 52.74716 66.90524
62.53925 93.18464 19.07351
12.97051 42.13518 69.53069
38.20913 65.45502 45.44334
69.88217 48.75362 42.79496
30.36113 51.76210 56.79829
4
90.39212 10.72355 11.44769
11.31339 92.47725 13.02133
10.55555 12.93237 95.32117
50.01000 51.11411 50.34223
4
10.01411 10.25752 10.33149
90.55682 91.32493 94.27662
50.03211 50.47344 51.12222
51.62822 50.39414 50.95221
0
